37.401435050000003 -122.051825760000000 -20.362049100000000 196.814999999999998 -6.096000000000000 1.193000000000000 29219494307505.000000000000000
37.401433460000000 -122.051826329999997 -20.362569810000000 196.816000000000003 -6.080000000000000 1.194000000000000 29219529792588.000000000000000
37.401431860000002 -122.051826910000003 -20.361703869999999 196.816000000000003 -6.072000000000000 1.189000000000000 29219566030452.000000000000000
37.401430269999999 -122.051827480000000 -20.360553740000000 196.819999999999993 -6.067000000000000 1.186000000000000 29219601804714.000000000000000
37.401428670000001 -122.051828060000005 -20.360879900000000 196.822000000000003 -6.060000000000000 1.180000000000000 29219637768882.000000000000000
37.401427079999998 -122.051828639999997 -20.359823230000000 196.824000000000012 -6.037000000000000 1.177000000000000 29219673740592.000000000000000
37.401425480000000 -122.051829209999994 -20.358913420000000 196.824999999999989 -6.025000000000000 1.172000000000000 29219709844380.000000000000000
37.401423889999997 -122.051829789999999 -20.358995440000001 196.830999999999989 -6.015000000000000 1.169000000000000 29219745918813.000000000000000
37.401422300000000 -122.051830359999997 -20.357652659999999 196.830999999999989 -6.014000000000000 1.163000000000000 29219781749775.000000000000000
37.401420700000003 -122.051830940000002 -20.356384280000000 196.834000000000003 -6.010000000000000 1.158000000000000 29219817760809.000000000000000
37.401419109999999 -122.051831510000000 -20.356021880000000 196.835000000000008 -6.004000000000000 1.159000000000000 29219853958872.000000000000000
37.401417510000002 -122.051832090000005 -20.354295730000000 196.837999999999994 -5.990000000000000 1.158000000000000 29219889784494.000000000000000
37.401415919999998 -122.051832669999996 -20.352865220000002 196.842999999999989 -5.981000000000000 1.149000000000000 29219925902076.000000000000000
37.401414330000001 -122.051833239999993 -20.352233890000001 196.846000000000004 -5.973000000000000 1.143000000000000 29219961712864.000000000000000
37.401412729999997 -122.051833819999999 -20.350332259999998 196.849999999999994 -5.968000000000000 1.132000000000000 29219997960876.000000000000000
37.401411140000000 -122.051834389999996 -20.348608020000000 196.854000000000013 -5.967000000000000 1.122000000000000 29220034432464.000000000000000
37.401409549999997 -122.051834970000002 -20.347898480000001 196.859000000000009 -5.966000000000000 1.126000000000000 29220070051248.000000000000000
37.401407949999999 -122.051835539999999 -20.345933909999999 196.863000000000000 -5.965000000000000 1.130000000000000 29220106071696.000000000000000
37.401406360000003 -122.051836120000004 -20.343873980000001 196.866000000000014 -5.965000000000000 1.131000000000000 29220142034976.000000000000000
37.401404769999999 -122.051836690000002 -20.342861180000000 196.870000000000005 -5.961000000000000 1.120000000000000 29220178075020.000000000000000
37.401403170000002 -122.051837269999993 -20.340860370000001 196.876000000000005 -5.963000000000000 1.109000000000000 29220213685680.000000000000000
37.401401579999998 -122.051837840000005 -20.338899609999999 196.882000000000005 -5.965000000000000 1.113000000000000 29220249862512.000000000000000
37.401399990000002 -122.051838410000002 -20.337596890000000 196.884999999999991 -5.962000000000000 1.129000000000000 29220285953796.000000000000000
37.401398399999998 -122.051838979999999 -20.335714339999999 196.890999999999991 -5.963000000000000 1.149000000000000 29220321910224.000000000000000
37.401396800000001 -122.051839549999997 -20.333730700000000 196.891999999999996 -5.962000000000000 1.167000000000000 29220358480956.000000000000000
37.401395209999997 -122.051840119999994 -20.332464219999999 196.897999999999996 -5.959000000000000 1.175000000000000 29220393873804.000000000000000
37.401393620000000 -122.051840690000006 -20.330539699999999 196.903999999999996 -5.962000000000000 1.176000000000000 29220429742524.000000000000000
37.401392029999997 -122.051841269999997 -20.328594209999999 196.912000000000006 -5.978000000000000 1.175000000000000 29220465753200.000000000000000
37.401390440000000 -122.051841830000001 -20.327110290000000 196.914999999999992 -5.994000000000000 1.179000000000000 29220502247044.000000000000000
37.401388849999996 -122.051842410000006 -20.324964520000002 196.920999999999992 -6.006000000000000 1.192000000000000 29220538090296.000000000000000
37.401387249999999 -122.051842980000004 -20.323162079999999 196.924000000000007 -6.011000000000000 1.217000000000000 29220573963348.000000000000000
37.401385670000003 -122.051843550000001 -20.321678160000001 196.925999999999988 -6.005000000000000 1.243000000000000 29220610156944.000000000000000
37.401384069999999 -122.051844130000006 -20.319639209999998 196.931000000000012 -6.009000000000000 1.267000000000000 29220646146312.000000000000000
37.401382480000002 -122.051844700000004 -20.317522050000001 196.935000000000002 -6.016000000000000 1.283000000000000 29220682048872.000000000000000
37.401380889999999 -122.051845270000001 -20.315999980000001 196.936000000000007 -6.023000000000000 1.296000000000000 29220717815688.000000000000000
37.401379300000002 -122.051845850000007 -20.314069750000002 196.936000000000007 -6.026000000000000 1.304000000000000 29220753907512.000000000000000
37.401377709999998 -122.051846420000004 -20.312046049999999 196.937999999999988 -6.024000000000000 1.322000000000000 29220790096848.000000000000000
37.401376120000002 -122.051846999999995 -20.310707090000001 196.939999999999998 -6.024000000000000 1.348000000000000 29220825634968.000000000000000
37.401374529999998 -122.051847570000007 -20.308971410000002 196.943000000000012 -6.023000000000000 1.373000000000000 29220861967032.000000000000000
37.401372940000002 -122.051848149999998 -20.307054520000001 196.943999999999988 -6.021000000000000 1.388000000000000 29220898001436.000000000000000
37.401371349999998 -122.051848719999995 -20.306560520000001 196.943999999999988 -6.023000000000000 1.388000000000000 29220934318452.000000000000000
37.401369760000001 -122.051849300000001 -20.304803849999999 196.947000000000003 -6.030000000000000 1.374000000000000 29220969938148.000000000000000
37.401368169999998 -122.051849880000006 -20.303020480000001 196.947000000000003 -6.043000000000000 1.353000000000000 29221005936180.000000000000000
37.401366570000000 -122.051850439999996 -20.302202220000002 196.947000000000003 -6.046000000000000 1.335000000000000 29221041907011.000000000000000
37.401364989999998 -122.051851020000001 -20.300138470000000 196.951999999999998 -6.050000000000000 1.332000000000000 29221077798108.000000000000000
37.401363400000001 -122.051851600000006 -20.298286439999998 196.953000000000003 -6.048000000000000 1.333000000000000 29221113854232.000000000000000
37.401361799999997 -122.051852170000004 -20.297243120000001 196.954000000000008 -6.054000000000000 1.339000000000000 29221149907800.000000000000000
37.401360210000000 -122.051852749999995 -20.294878010000001 196.955999999999989 -6.057000000000000 1.329000000000000 29221186036296.000000000000000
37.401358629999997 -122.051853330000000 -20.292871479999999 196.960000000000008 -6.057000000000000 1.295000000000000 29221221891564.000000000000000
37.401357040000001 -122.051853899999998 -20.291587830000001 196.961999999999989 -6.067000000000000 1.257000000000000 29221257796452.000000000000000
37.401355449999997 -122.051854480000003 -20.289199830000001 196.963999999999999 -6.085000000000000 1.226000000000000 29221293956920.000000000000000
37.401353860000000 -122.051855059999994 -20.286817549999999 196.966000000000008 -6.100000000000000 1.212000000000000 29221330362168.000000000000000
37.401352269999997 -122.051855630000006 -20.285337450000000 196.972000000000008 -6.107000000000000 1.190000000000000 29221365681864.000000000000000
37.401350680000000 -122.051856209999997 -20.283027650000001 196.973000000000013 -6.103000000000000 1.178000000000000 29221402071900.000000000000000
37.401349089999997 -122.051856790000002 -20.280614849999999 196.979999999999990 -6.105000000000000 1.161000000000000 29221438022976.000000000000000
37.401347500000000 -122.051857360000000 -20.279319760000000 196.986999999999995 -6.116000000000000 1.133000000000000 29221473880848.000000000000000
37.401345919999997 -122.051857940000005 -20.277084349999999 196.991000000000014 -6.131000000000000 1.095000000000000 29221509725268.000000000000000
37.401344330000001 -122.051858519999996 -20.274744030000001 196.994000000000000 -6.148000000000000 1.054000000000000 29221545861072.000000000000000
37.401342739999997 -122.051859089999994 -20.273410800000001 196.998999999999995 -6.161000000000000 1.018000000000000 29221581760164.000000000000000
37.401341160000001 -122.051859660000005 -20.271295550000001 197.003999999999991 -6.167000000000000 0.997000000000000 29221617980100.000000000000000
37.401339569999998 -122.051860239999996 -20.269037250000000 197.009999999999991 -6.176000000000000 0.982000000000000 29221653897768.000000000000000
37.401337980000001 -122.051860809999994 -20.268150330000001 197.016999999999996 -6.191000000000000 0.967000000000000 29221689889596.000000000000000
37.401336399999998 -122.051861389999999 -20.266078950000001 197.022999999999996 -6.204000000000000 0.942000000000000 29221725942120.000000000000000
37.401334810000002 -122.051861970000004 -20.263994220000001 197.030000000000001 -6.222000000000000 0.912000000000000 29221761742292.000000000000000
37.401333229999999 -122.051862540000002 -20.263111110000001 197.037000000000006 -6.242000000000000 0.879000000000000 29221798310236.000000000000000
37.401331640000002 -122.051863109999999 -20.261064529999999 197.040999999999997 -6.261000000000000 0.857000000000000 29221834476048.000000000000000
37.401330059999999 -122.051863690000005 -20.259027480000000 197.048000000000002 -6.275000000000000 0.841000000000000 29221870091246.000000000000000
37.401328470000003 -122.051864249999994 -20.258121490000001 197.052999999999997 -6.282000000000000 0.829000000000000 29221906176360.000000000000000
37.401326890000000 -122.051864830000000 -20.256368640000002 197.056999999999988 -6.285000000000000 0.820000000000000 29221942007040.000000000000000
37.401325300000003 -122.051865399999997 -20.254442210000001 197.064999999999998 -6.301000000000000 0.809000000000000 29221977902556.000000000000000
37.401323720000001 -122.051865969999994 -20.253801350000000 197.067000000000007 -6.313000000000000 0.800000000000000 29222013798852.000000000000000
37.401322129999997 -122.051866550000000 -20.252235410000001 197.074999999999989 -6.328000000000000 0.786000000000000 29222050152780.000000000000000
37.401320550000001 -122.051867119999997 -20.250551219999998 197.079000000000008 -6.339000000000000 0.764000000000000 29222085929784.000000000000000
37.401318969999998 -122.051867689999995 -20.250165939999999 197.084000000000003 -6.346000000000000 0.752000000000000 29222121629955.000000000000000
37.401317380000002 -122.051868260000006 -20.248905180000001 197.090000000000003 -6.360000000000000 0.743000000000000 29222158048776.000000000000000
37.401315799999999 -122.051868839999997 -20.247339250000000 197.093999999999994 -6.370000000000000 0.744000000000000 29222194470720.000000000000000
37.401314220000003 -122.051869400000001 -20.247060780000002 197.096000000000004 -6.384000000000000 0.749000000000000 29222230255800.000000000000000
37.401312640000000 -122.051869980000006 -20.246030810000001 197.098000000000013 -6.390000000000000 0.756000000000000 29222265733224.000000000000000
37.401311049999997 -122.051870550000004 -20.244867320000001 197.102000000000004 -6.391000000000000 0.773000000000000 29222302046100.000000000000000
37.401309470000001 -122.051871120000001 -20.244915010000000 197.105999999999995 -6.394000000000000 0.794000000000000 29222337889230.000000000000000
37.401307889999998 -122.051871689999999 -20.244323730000001 197.106999999999999 -6.399000000000000 0.815000000000000 29222373981408.000000000000000
37.401306300000002 -122.051872270000004 -20.243320470000000 197.111999999999995 -6.403000000000000 0.829000000000000 29222409799404.000000000000000
37.401304719999999 -122.051872840000001 -20.243618009999999 197.111999999999995 -6.407000000000000 0.830000000000000 29222446001724.000000000000000
37.401303140000003 -122.051873409999999 -20.243087769999999 197.116000000000014 -6.411000000000000 0.839000000000000 29222482021176.000000000000000
37.401301560000000 -122.051873990000004 -20.242378230000000 197.116000000000014 -6.417000000000000 0.841000000000000 29222517873180.000000000000000
37.401299969999997 -122.051874560000002 -20.242443080000001 197.116999999999990 -6.420000000000000 0.840000000000000 29222553718452.000000000000000
37.401298390000001 -122.051875129999999 -20.241651539999999 197.116999999999990 -6.421000000000000 0.850000000000000 29222589798048.000000000000000
37.401296809999998 -122.051875710000004 -20.241107939999999 197.120000000000005 -6.423000000000000 0.871000000000000 29222625731364.000000000000000
37.401295230000002 -122.051876280000002 -20.241176610000000 197.120000000000005 -6.421000000000000 0.902000000000000 29222661804468.000000000000000
37.401293650000000 -122.051876859999993 -20.240306850000000 197.122999999999990 -6.422000000000000 0.930000000000000 29222698362672.000000000000000
37.401292079999997 -122.051877430000005 -20.239629749999999 197.122999999999990 -6.413000000000000 0.935000000000000 29222734277820.000000000000000
37.401290500000002 -122.051878009999996 -20.239673610000001 197.117999999999995 -6.415000000000000 0.945000000000000 29222770041828.000000000000000
37.401288919999999 -122.051878579999993 -20.239099499999998 197.116999999999990 -6.413000000000000 0.959000000000000 29222805650568.000000000000000
37.401287340000003 -122.051879159999999 -20.238128660000001 197.116000000000014 -6.423000000000000 0.968000000000000 29222842048920.000000000000000
37.401285760000000 -122.051879740000004 -20.238071439999999 197.117999999999995 -6.425000000000000 0.975000000000000 29222877805020.000000000000000
37.401284189999998 -122.051880310000001 -20.237295150000001 197.116999999999990 -6.420000000000000 0.984000000000000 29222914023348.000000000000000
37.401282610000003 -122.051880890000007 -20.236667629999999 197.114000000000004 -6.413000000000000 0.983000000000000 29222950006692.000000000000000
37.401281030000000 -122.051881469999998 -20.236635209999999 197.110999999999990 -6.409000000000000 0.982000000000000 29222986019004.000000000000000
37.401279459999998 -122.051882039999995 -20.235816960000001 197.110000000000014 -6.415000000000000 0.981000000000000 29223021933924.000000000000000
37.401277880000002 -122.051882620000001 -20.234933850000001 197.109000000000009 -6.421000000000000 0.982000000000000 29223058319364.000000000000000
37.401276299999999 -122.051883200000006 -20.234678270000000 197.108000000000004 -6.422000000000000 0.980000000000000 29223094356984.000000000000000
37.401274729999997 -122.051883779999997 -20.233840940000000 197.106999999999999 -6.410000000000000 0.979000000000000 29223129804336.000000000000000
37.401273160000002 -122.051884360000003 -20.232917789999998 197.105999999999995 -6.401000000000000 0.985000000000000 29223165984492.000000000000000
37.401271580000000 -122.051884930000000 -20.232852940000001 197.106999999999999 -6.396000000000000 0.983000000000000 29223202103664.000000000000000
37.401270009999998 -122.051885510000005 -20.231945039999999 197.105999999999995 -6.399000000000000 0.984000000000000 29223237930720.000000000000000
37.401268430000002 -122.051886080000003 -20.231052399999999 197.108000000000004 -6.397000000000000 0.976000000000000 29223273772704.000000000000000
37.401266860000000 -122.051886659999994 -20.230930330000000 197.108000000000004 -6.391000000000000 0.970000000000000 29223309897960.000000000000000
37.401265289999998 -122.051887230000006 -20.230039600000001 197.106999999999999 -6.384000000000000 0.964000000000000 29223346090668.000000000000000
37.401263710000002 -122.051887809999997 -20.229160310000001 197.106999999999999 -6.372000000000000 0.958000000000000 29223381983160.000000000000000
37.401262140000000 -122.051888379999994 -20.229129790000002 197.109000000000009 -6.358000000000000 0.951000000000000 29223417902592.000000000000000
37.401260569999998 -122.051888959999999 -20.228355409999999 197.109000000000009 -6.347000000000000 0.945000000000000 29223453944832.000000000000000
37.401259000000003 -122.051889540000005 -20.227460860000001 197.110999999999990 -6.333000000000000 0.934000000000000 29223489951216.000000000000000
37.401257420000000 -122.051890110000002 -20.227344510000002 197.113000000000000 -6.325000000000000 0.921000000000000 29223525928848.000000000000000
37.401255849999998 -122.051890680000000 -20.226333619999998 197.115000000000009 -6.310000000000000 0.902000000000000 29223561789360.000000000000000
37.401254280000003 -122.051891260000005 -20.225681300000002 197.117999999999995 -6.292000000000000 0.885000000000000 29223597737620.000000000000000
37.401252710000001 -122.051891830000002 -20.225439070000000 197.119000000000000 -6.266000000000000 0.872000000000000 29223634683252.000000000000000
37.401251139999999 -122.051892400000000 -20.224578860000001 197.122000000000014 -6.246000000000000 0.862000000000000 29223669892068.000000000000000
37.401249569999997 -122.051892980000005 -20.223567960000000 197.127000000000010 -6.227000000000000 0.851000000000000 29223705810084.000000000000000
37.401248000000002 -122.051893550000003 -20.223278050000001 197.132000000000005 -6.212000000000000 0.830000000000000 29223741930696.000000000000000
37.401246430000000 -122.051894120000000 -20.222105030000002 197.132000000000005 -6.200000000000000 0.794000000000000 29223777973956.000000000000000
37.401244859999998 -122.051894700000005 -20.221372599999999 197.134999999999991 -6.189000000000000 0.762000000000000 29223813757224.000000000000000
37.401243289999996 -122.051895270000003 -20.220832819999998 197.140999999999991 -6.176000000000000 0.740000000000000 29223849773076.000000000000000
37.401241730000002 -122.051895840000000 -20.219495770000002 197.144000000000005 -6.166000000000000 0.730000000000000 29223885617240.000000000000000
37.401240160000000 -122.051896409999998 -20.218385699999999 197.146999999999991 -6.154000000000000 0.727000000000000 29223921954084.000000000000000
37.401238589999998 -122.051896979999995 -20.218818660000000 197.150000000000006 -6.146000000000000 0.729000000000000 29223958102536.000000000000000
37.401237020000003 -122.051897550000007 -20.217229840000002 197.150000000000006 -6.141000000000000 0.723000000000000 29223994584396.000000000000000
37.401235460000002 -122.051898120000004 -20.215858460000000 197.153999999999996 -6.143000000000000 0.718000000000000 29224029959520.000000000000000
37.401233890000000 -122.051898679999994 -20.215759280000000 197.155000000000001 -6.151000000000000 0.697000000000000 29224065893532.000000000000000
37.401232329999999 -122.051899259999999 -20.213695529999999 197.157999999999987 -6.154000000000000 0.689000000000000 29224101672188.000000000000000
37.401230759999997 -122.051899829999996 -20.212068559999999 197.162000000000006 -6.155000000000000 0.685000000000000 29224137814356.000000000000000
37.401229200000003 -122.051900390000000 -20.211668010000000 197.164999999999992 -6.157000000000000 0.684000000000000 29224173965077.000000000000000
37.401227630000001 -122.051900959999998 -20.209587100000000 197.169999999999987 -6.163000000000000 0.681000000000000 29224209721332.000000000000000
37.401226070000000 -122.051901540000003 -20.207395550000001 197.175000000000011 -6.175000000000000 0.673000000000000 29224245798324.000000000000000
37.401224499999998 -122.051902100000007 -20.206861499999999 197.179000000000002 -6.179000000000000 0.654000000000000 29224281888900.000000000000000
37.401222939999997 -122.051902670000004 -20.204904559999999 197.181000000000012 -6.191000000000000 0.638000000000000 29224317797940.000000000000000
37.401221380000003 -122.051903240000001 -20.202943800000000 197.181999999999988 -6.199000000000000 0.624000000000000 29224353729669.000000000000000
37.401219820000001 -122.051903800000005 -20.202577590000001 197.185000000000002 -6.207000000000000 0.618000000000000 29224389875340.000000000000000
37.401218260000000 -122.051904370000003 -20.200767519999999 197.192000000000007 -6.218000000000000 0.611000000000000 29224425860028.000000000000000
37.401216689999998 -122.051904949999994 -20.198898320000001 197.194999999999993 -6.227000000000000 0.603000000000000 29224462035456.000000000000000
37.401215129999997 -122.051905509999997 -20.198591230000002 197.194999999999993 -6.245000000000000 0.591000000000000 29224497996252.000000000000000
37.401213570000003 -122.051906079999995 -20.196899410000000 197.199000000000012 -6.254000000000000 0.579000000000000 29224534409964.000000000000000
37.401212010000002 -122.051906650000006 -20.195137020000001 197.198000000000008 -6.263000000000000 0.575000000000000 29224569945156.000000000000000
37.401210440000000 -122.051907220000004 -20.194952010000002 197.197000000000003 -6.266000000000000 0.576000000000000 29224605680088.000000000000000
37.401208889999999 -122.051907790000001 -20.193626399999999 197.199999999999989 -6.264000000000000 0.578000000000000 29224641917484.000000000000000
37.401207329999998 -122.051908359999999 -20.191867830000000 197.203000000000003 -6.256000000000000 0.575000000000000 29224677742776.000000000000000
37.401205760000003 -122.051908920000002 -20.191879270000001 197.204000000000008 -6.247000000000000 0.559000000000000 29224713648719.000000000000000
37.401204200000002 -122.051909490000000 -20.190670010000002 197.200999999999993 -6.249000000000000 0.538000000000000 29224749984348.000000000000000
37.401202650000002 -122.051910059999997 -20.189382550000001 197.201999999999998 -6.248000000000000 0.513000000000000 29224785844092.000000000000000
37.401201080000000 -122.051910629999995 -20.189453120000000 197.205000000000013 -6.256000000000000 0.504000000000000 29224821650364.000000000000000
37.401199530000000 -122.051911200000006 -20.188207630000001 197.206999999999994 -6.253000000000000 0.513000000000000 29224857731664.000000000000000
37.401197969999998 -122.051911770000004 -20.187196730000000 197.209000000000003 -6.247000000000000 0.532000000000000 29224893741836.000000000000000
37.401196409999997 -122.051912329999993 -20.187295910000000 197.210000000000008 -6.230000000000000 0.534000000000000 29224930484088.000000000000000
37.401194850000003 -122.051912900000005 -20.186208720000000 197.210000000000008 -6.211000000000000 0.526000000000000 29224965740736.000000000000000
37.401193290000002 -122.051913470000002 -20.185043329999999 197.211000000000013 -6.208000000000000 0.494000000000000 29225001936324.000000000000000
37.401191730000001 -122.051914040000000 -20.185203550000001 197.211000000000013 -6.207000000000000 0.465000000000000 29225037712068.000000000000000
37.401190170000000 -122.051914609999997 -20.183893200000000 197.211999999999989 -6.214000000000000 0.439000000000000 29225073966312.000000000000000
37.401188619999999 -122.051915179999995 -20.182794569999999 197.207999999999998 -6.207000000000000 0.415000000000000 29225109778752.000000000000000
37.401187059999998 -122.051915750000006 -20.182540889999999 197.209000000000003 -6.196000000000000 0.403000000000000 29225145602792.000000000000000
37.401185499999997 -122.051916320000004 -20.180906300000000 197.210000000000008 -6.185000000000000 0.389000000000000 29225181922680.000000000000000
37.401183940000003 -122.051916890000001 -20.179582600000000 197.213999999999999 -6.188000000000000 0.369000000000000 29225217881796.000000000000000
37.401182380000002 -122.051917450000005 -20.178840640000001 197.215000000000003 -6.198000000000000 0.342000000000000 29225253978228.000000000000000
37.401180830000001 -122.051918020000002 -20.177042010000001 197.216000000000008 -6.216000000000000 0.322000000000000 29225289832164.000000000000000
37.401179270000000 -122.051918590000000 -20.175468440000000 197.217000000000013 -6.221000000000000 0.324000000000000 29225325921588.000000000000000
37.401177709999999 -122.051919159999997 -20.174644470000000 197.212999999999994 -6.223000000000000 0.336000000000000 29225361810912.000000000000000
37.401176149999998 -122.051919729999995 -20.173004150000001 197.210000000000008 -6.216000000000000 0.353000000000000 29225397797516.000000000000000
37.401174599999997 -122.051920300000006 -20.171312329999999 197.205000000000013 -6.210000000000000 0.352000000000000 29225434476516.000000000000000
37.401173040000003 -122.051920859999996 -20.170614239999999 197.203000000000003 -6.206000000000000 0.328000000000000 29225470028748.000000000000000
37.401171480000002 -122.051921429999993 -20.169111250000000 197.207999999999998 -6.216000000000000 0.301000000000000 29225505902184.000000000000000
37.401169920000001 -122.051922000000005 -20.167381290000002 197.205999999999989 -6.232000000000000 0.279000000000000 29225541907752.000000000000000
37.401168360000000 -122.051922559999994 -20.166540149999999 197.205999999999989 -6.247000000000000 0.256000000000000 29225577855756.000000000000000
37.401166809999999 -122.051923130000006 -20.164627079999999 197.205000000000013 -6.253000000000000 0.236000000000000 29225613643296.000000000000000
37.401165249999998 -122.051923700000003 -20.163454059999999 197.204000000000008 -6.246000000000000 0.230000000000000 29225649644400.000000000000000
37.401163699999998 -122.051924260000007 -20.162778849999999 197.199000000000012 -6.244000000000000 0.243000000000000 29225685696360.000000000000000
37.401162139999997 -122.051924830000004 -20.161592479999999 197.200999999999993 -6.233000000000000 0.256000000000000 29225721969132.000000000000000
37.401160590000003 -122.051925400000002 -20.159685130000000 197.200999999999993 -6.227000000000000 0.255000000000000 29225758235712.000000000000000
37.401159030000002 -122.051925969999999 -20.159288409999998 197.199000000000012 -6.216000000000000 0.234000000000000 29225794268784.000000000000000
37.401157470000001 -122.051926530000003 -20.158226010000000 197.197000000000003 -6.206000000000000 0.201000000000000 29225829764568.000000000000000
37.401155920000001 -122.051927100000000 -20.157165530000000 197.197000000000003 -6.183000000000000 0.166000000000000 29225865733164.000000000000000
37.401154360000000 -122.051927669999998 -20.156990050000001 197.197000000000003 -6.173000000000000 0.146000000000000 29225901624228.000000000000000
37.401152799999998 -122.051928239999995 -20.156255720000001 197.194999999999993 -6.149000000000000 0.139000000000000 29225938016916.000000000000000
37.401151249999998 -122.051928799999999 -20.155305859999999 197.191000000000003 -6.122000000000000 0.139000000000000 29225973943164.000000000000000
37.401149680000003 -122.051929360000003 -20.155506129999999 197.189999999999998 -6.091000000000000 0.125000000000000 29226009838332.000000000000000
37.401148130000003 -122.051929930000000 -20.154737470000001 197.188999999999993 -6.060000000000000 0.091000000000000 29226045755832.000000000000000
37.401146570000002 -122.051930499999997 -20.154067990000001 197.185000000000002 -6.040000000000000 0.060000000000000 29226081822108.000000000000000
37.401145010000000 -122.051931060000001 -20.154323580000000 197.187000000000012 -6.020000000000000 0.011000000000000 29226117601932.000000000000000
37.401143449999999 -122.051931620000005 -20.153419490000001 197.186000000000007 -6.004000000000000 -0.013000000000000 29226153814584.000000000000000
37.401141899999999 -122.051932190000002 -20.152627939999999 197.182999999999993 -5.985000000000000 -0.033000000000000 29226189717048.000000000000000
37.401140339999998 -122.051932750000006 -20.152465820000000 197.181000000000012 -5.956000000000000 -0.054000000000000 29226225701220.000000000000000
37.401138779999997 -122.051933320000003 -20.151281359999999 197.176999999999992 -5.925000000000000 -0.067000000000000 29226261610668.000000000000000
37.401137220000003 -122.051933880000007 -20.150205610000000 197.175999999999988 -5.901000000000000 -0.090000000000000 29226298050684.000000000000000
37.401135660000001 -122.051934439999997 -20.149616240000000 197.174000000000007 -5.889000000000000 -0.110000000000000 29226334222152.000000000000000
37.401134110000001 -122.051935009999994 -20.147680279999999 197.174000000000007 -5.878000000000000 -0.146000000000000 29226369936648.000000000000000
37.401132550000000 -122.051935569999998 -20.146478649999999 197.170999999999992 -5.864000000000000 -0.184000000000000 29226405731856.000000000000000
37.401130989999999 -122.051936130000001 -20.145200729999999 197.169999999999987 -5.835000000000000 -0.223000000000000 29226441576312.000000000000000
37.401129429999997 -122.051936699999999 -20.143299100000000 197.170999999999992 -5.811000000000000 -0.255000000000000 29226477636468.000000000000000
37.401127879999997 -122.051937269999996 -20.141370770000002 197.167000000000002 -5.786000000000000 -0.267000000000000 29226513919968.000000000000000
37.401126310000002 -122.051937820000006 -20.140117650000001 197.161000000000001 -5.759000000000000 -0.298000000000000 29226551426280.000000000000000
37.401124760000002 -122.051938390000004 -20.138128280000000 197.158999999999992 -5.732000000000000 -0.337000000000000 29226585879420.000000000000000
37.401123200000001 -122.051938949999993 -20.136154170000001 197.156000000000006 -5.711000000000000 -0.376000000000000 29226621933456.000000000000000
37.401121640000000 -122.051939509999997 -20.135066989999999 197.153999999999996 -5.693000000000000 -0.410000000000000 29226657917256.000000000000000
37.401120079999998 -122.051940079999994 -20.133014679999999 197.155000000000001 -5.684000000000000 -0.426000000000000 29226693986256.000000000000000
37.401118519999997 -122.051940639999998 -20.131078720000001 197.150000000000006 -5.664000000000000 -0.452000000000000 29226729847956.000000000000000
37.401116960000003 -122.051941200000002 -20.130008700000001 197.140999999999991 -5.633000000000000 -0.458000000000000 29226765808836.000000000000000
37.401115400000002 -122.051941760000005 -20.128540040000001 197.133000000000010 -5.599000000000000 -0.453000000000000 29226801867444.000000000000000
37.401113850000002 -122.051942319999995 -20.126190189999999 197.127999999999986 -5.576000000000000 -0.448000000000000 29226837805092.000000000000000
37.401112280000000 -122.051942879999999 -20.125041960000001 197.123999999999995 -5.576000000000000 -0.464000000000000 29226873881388.000000000000000
37.401110729999999 -122.051943440000002 -20.122386930000001 197.115000000000009 -5.586000000000000 -0.506000000000000 29226909660840.000000000000000
37.401109169999998 -122.051944010000000 -20.120733260000002 197.110000000000014 -5.579000000000000 -0.562000000000000 29226945583064.000000000000000
37.401107600000003 -122.051944559999995 -20.118806840000001 197.105999999999995 -5.581000000000000 -0.579000000000000 29226981730680.000000000000000
37.401106050000003 -122.051945119999999 -20.115745539999999 197.097000000000008 -5.580000000000000 -0.581000000000000 29227017844380.000000000000000
37.401104490000002 -122.051945689999997 -20.113302229999999 197.092999999999989 -5.571000000000000 -0.547000000000000 29227053940200.000000000000000
37.401102920000000 -122.051946240000007 -20.111124040000000 197.087999999999994 -5.575000000000000 -0.507000000000000 29227089965028.000000000000000
37.401101359999998 -122.051946810000004 -20.108226779999999 197.082999999999998 -5.561000000000000 -0.499000000000000 29227125695700.000000000000000
37.401099799999997 -122.051947369999993 -20.105434420000002 197.074999999999989 -5.559000000000000 -0.508000000000000 29227161659904.000000000000000
37.401098240000003 -122.051947920000003 -20.103141780000001 197.064999999999998 -5.562000000000000 -0.544000000000000 29227197602640.000000000000000
37.401096680000002 -122.051948479999993 -20.100202560000000 197.057999999999993 -5.576000000000000 -0.573000000000000 29227234238448.000000000000000
37.401095120000001 -122.051949039999997 -20.097219469999999 197.050999999999988 -5.598000000000000 -0.580000000000000 29227269956928.000000000000000
37.401093560000000 -122.051949600000000 -20.094867709999999 197.042000000000002 -5.610000000000000 -0.568000000000000 29227305692364.000000000000000
37.401091999999998 -122.051950160000004 -20.092020030000000 197.034999999999997 -5.617000000000000 -0.535000000000000 29227341762144.000000000000000
37.401090439999997 -122.051950719999994 -20.089117049999999 197.022999999999996 -5.624000000000000 -0.498000000000000 29227377818028.000000000000000
37.401088870000002 -122.051951270000004 -20.086889270000000 197.010999999999996 -5.634000000000000 -0.480000000000000 29227413635064.000000000000000
37.401087310000001 -122.051951829999993 -20.084106450000000 197.000000000000000 -5.658000000000000 -0.471000000000000 29227449594180.000000000000000
37.401085750000000 -122.051952389999997 -20.081367490000002 196.988000000000000 -5.686000000000000 -0.466000000000000 29227485576348.000000000000000
37.401084189999999 -122.051952950000000 -20.078992840000002 196.973999999999990 -5.714000000000000 -0.450000000000000 29227521977292.000000000000000
37.401082619999997 -122.051953510000004 -20.076126100000000 196.961999999999989 -5.735000000000000 -0.427000000000000 29227557660480.000000000000000
37.401081060000003 -122.051954080000002 -20.073558810000002 196.948000000000008 -5.743000000000000 -0.411000000000000 29227594334496.000000000000000
37.401079500000002 -122.051954640000005 -20.071235659999999 196.937000000000012 -5.761000000000000 -0.393000000000000 29227630110948.000000000000000
37.401077940000000 -122.051955199999995 -20.068826680000001 196.924000000000007 -5.778000000000000 -0.366000000000000 29227665723588.000000000000000
37.401076379999999 -122.051955759999998 -20.065961840000000 196.909999999999997 -5.806000000000000 -0.340000000000000 29227701687600.000000000000000
37.401074809999997 -122.051956320000002 -20.063776019999999 196.896999999999991 -5.837000000000000 -0.310000000000000 29227737488484.000000000000000
37.401073250000003 -122.051956880000006 -20.061145780000000 196.883000000000010 -5.865000000000000 -0.291000000000000 29227773780240.000000000000000
37.401071690000002 -122.051957439999995 -20.058727260000001 196.872000000000014 -5.881000000000000 -0.279000000000000 29227809794235.000000000000000
37.401070120000000 -122.051957999999999 -20.056653980000000 196.858000000000004 -5.890000000000000 -0.266000000000000 29227845681636.000000000000000
37.401068559999999 -122.051958560000003 -20.054752350000001 196.844999999999999 -5.900000000000000 -0.243000000000000 29227881838692.000000000000000
37.401066989999997 -122.051959130000000 -20.051919940000001 196.829000000000008 -5.921000000000000 -0.214000000000000 29227917932196.000000000000000
37.401065430000003 -122.051959690000004 -20.050191880000000 196.813999999999993 -5.944000000000000 -0.200000000000000 29227953878844.000000000000000
37.401063860000001 -122.051960249999993 -20.048168180000001 196.801999999999992 -5.970000000000000 -0.195000000000000 29227989645908.000000000000000
37.401062300000000 -122.051960809999997 -20.046236040000000 196.789999999999992 -5.990000000000000 -0.190000000000000 29228025873600.000000000000000
37.401060729999998 -122.051961370000001 -20.044494629999999 196.776000000000010 -6.013000000000000 -0.172000000000000 29228061673068.000000000000000
37.401059170000003 -122.051961930000004 -20.042562480000001 196.762000000000000 -6.030000000000000 -0.157000000000000 29228097783252.000000000000000
37.401057600000001 -122.051962489999994 -20.040670389999999 196.751000000000005 -6.049000000000000 -0.131000000000000 29228134072512.000000000000000
37.401056029999999 -122.051963049999998 -20.039199830000001 196.735999999999990 -6.057000000000000 -0.113000000000000 29228169918396.000000000000000
37.401054469999998 -122.051963610000001 -20.037464140000001 196.723999999999990 -6.074000000000000 -0.099000000000000 29228205677436.000000000000000
37.401052900000003 -122.051964170000005 -20.035522459999999 196.711000000000013 -6.091000000000000 -0.106000000000000 29228241556476.000000000000000
37.401051320000001 -122.051964720000001 -20.034002300000001 196.699000000000012 -6.117000000000000 -0.112000000000000 29228277906876.000000000000000
37.401049749999999 -122.051965280000005 -20.032382970000000 196.685000000000002 -6.131000000000000 -0.117000000000000 29228313818484.000000000000000
37.401048179999997 -122.051965839999994 -20.030817030000001 196.673000000000002 -6.133000000000000 -0.111000000000000 29228349810960.000000000000000
37.401046610000002 -122.051966390000004 -20.029619220000001 196.663000000000011 -6.130000000000000 -0.106000000000000 29228385837240.000000000000000
37.401045040000000 -122.051966949999994 -20.028472900000001 196.650000000000006 -6.138000000000000 -0.106000000000000 29228421936228.000000000000000
37.401043469999998 -122.051967509999997 -20.026792530000002 196.641999999999996 -6.153000000000000 -0.112000000000000 29228457664104.000000000000000
37.401041890000002 -122.051968059999993 -20.025606159999999 196.631000000000000 -6.173000000000000 -0.136000000000000 29228494063908.000000000000000
37.401040320000000 -122.051968619999997 -20.024120329999999 196.620000000000005 -6.188000000000000 -0.168000000000000 29228529986652.000000000000000
37.401038749999998 -122.051969170000007 -20.023263929999999 196.606999999999999 -6.189000000000000 -0.188000000000000 29228565807456.000000000000000
37.401037170000002 -122.051969720000002 -20.022209170000000 196.594999999999999 -6.193000000000000 -0.184000000000000 29228601789528.000000000000000
37.401035589999999 -122.051970280000006 -20.021047589999998 196.587999999999994 -6.192000000000000 -0.184000000000000 29228637889584.000000000000000
37.401034019999997 -122.051970839999996 -20.019681930000001 196.580999999999989 -6.197000000000000 -0.187000000000000 29228673775740.000000000000000
37.401032440000002 -122.051971379999998 -20.018598560000001 196.572000000000003 -6.208000000000000 -0.211000000000000 29228709683808.000000000000000
37.401030870000000 -122.051971940000001 -20.017383580000001 196.563999999999993 -6.220000000000000 -0.241000000000000 29228745582744.000000000000000
37.401029289999997 -122.051972489999997 -20.016336440000000 196.556999999999988 -6.228000000000000 -0.258000000000000 29228781585981.000000000000000
37.401027720000002 -122.051973050000001 -20.015371320000000 196.550000000000011 -6.233000000000000 -0.263000000000000 29228817892056.000000000000000
37.401026139999999 -122.051973599999997 -20.014173509999999 196.542000000000002 -6.232000000000000 -0.262000000000000 29228853806148.000000000000000
37.401024569999997 -122.051974150000007 -20.013101580000001 196.534999999999997 -6.227000000000000 -0.266000000000000 29228889548880.000000000000000
37.401022990000001 -122.051974700000002 -20.012258530000000 196.531000000000006 -6.222000000000000 -0.277000000000000 29228925795132.000000000000000
37.401021419999999 -122.051975249999998 -20.011360170000000 196.525000000000006 -6.228000000000000 -0.283000000000000 29228961625080.000000000000000
37.401019839999996 -122.051975810000002 -20.010093690000001 196.518000000000001 -6.234000000000000 -0.297000000000000 29228997904896.000000000000000
37.401018260000001 -122.051976359999998 -20.009414670000002 196.514000000000010 -6.231000000000000 -0.310000000000000 29229033932472.000000000000000
37.401016689999999 -122.051976909999993 -20.008888240000001 196.509999999999991 -6.217000000000000 -0.315000000000000 29229070033788.000000000000000
37.401015110000003 -122.051977460000003 -20.007923129999998 196.506000000000000 -6.203000000000000 -0.321000000000000 29229105444172.000000000000000
37.401013530000000 -122.051978009999999 -20.007476810000000 196.501000000000005 -6.200000000000000 -0.336000000000000 29229141767052.000000000000000
37.401011949999997 -122.051978559999995 -20.006702420000000 196.495000000000005 -6.200000000000000 -0.361000000000000 29229177854016.000000000000000
37.401010370000002 -122.051979110000005 -20.006284709999999 196.491000000000014 -6.197000000000000 -0.395000000000000 29229213902400.000000000000000
37.401008789999999 -122.051979650000007 -20.005662919999999 196.484000000000009 -6.192000000000000 -0.413000000000000 29229249726600.000000000000000
37.401007210000003 -122.051980200000003 -20.004940030000000 196.478000000000009 -6.185000000000000 -0.416000000000000 29229285502664.000000000000000
37.401005640000001 -122.051980749999998 -20.004114149999999 196.473999999999990 -6.180000000000000 -0.407000000000000 29229321842976.000000000000000
37.401004059999998 -122.051981299999994 -20.003463750000002 196.469999999999999 -6.172000000000000 -0.386000000000000 29229357469770.000000000000000
37.401002470000002 -122.051981850000004 -20.002490999999999 196.463999999999999 -6.165000000000000 -0.382000000000000 29229393899448.000000000000000
37.401000900000000 -122.051982400000000 -20.001871110000000 196.461000000000013 -6.159000000000000 -0.400000000000000 29229430151940.000000000000000
37.400999310000003 -122.051982940000002 -20.001285549999999 196.454000000000008 -6.154000000000000 -0.409000000000000 29229465782952.000000000000000
37.400997730000000 -122.051983489999998 -20.000638960000000 196.448000000000008 -6.150000000000000 -0.413000000000000 29229501579108.000000000000000
37.400996149999997 -122.051984039999994 -19.999696730000000 196.437000000000012 -6.140000000000000 -0.406000000000000 29229537551032.000000000000000
37.400994570000002 -122.051984579999996 -19.999729160000001 196.431999999999988 -6.130000000000000 -0.393000000000000 29229573493584.000000000000000
37.400992979999998 -122.051985130000006 -19.999074940000000 196.425000000000011 -6.115000000000000 -0.383000000000000 29229609436757.000000000000000
37.400991400000002 -122.051985669999993 -19.998405460000001 196.418000000000006 -6.107000000000000 -0.375000000000000 29229645738336.000000000000000
37.400989819999999 -122.051986209999995 -19.998331069999999 196.413000000000011 -6.105000000000000 -0.377000000000000 29229681799752.000000000000000
37.400988230000003 -122.051986760000005 -19.997251510000002 196.405000000000001 -6.110000000000000 -0.383000000000000 29229717636912.000000000000000
37.400986650000000 -122.051987310000001 -19.996582029999999 196.397999999999996 -6.110000000000000 -0.387000000000000 29229753692436.000000000000000
37.400985059999996 -122.051987850000003 -19.996286390000002 196.393000000000001 -6.108000000000000 -0.366000000000000 29229789569796.000000000000000
37.400983480000001 -122.051988390000005 -19.995447160000001 196.385999999999996 -6.098000000000000 -0.336000000000000 29229825927624.000000000000000
37.400981899999998 -122.051988940000001 -19.994247439999999 196.381000000000000 -6.090000000000000 -0.296000000000000 29229861719472.000000000000000
37.400980310000001 -122.051989480000003 -19.993984220000002 196.369000000000000 -6.078000000000000 -0.277000000000000 29229897931152.000000000000000
37.400978729999999 -122.051990029999999 -19.992982860000001 196.363000000000000 -6.077000000000000 -0.281000000000000 29229934297320.000000000000000
37.400977140000002 -122.051990579999995 -19.992185589999998 196.358000000000004 -6.079000000000000 -0.297000000000000 29229969812688.000000000000000
37.400975549999998 -122.051991119999997 -19.991895679999999 196.352000000000004 -6.085000000000000 -0.300000000000000 29230005434316.000000000000000
37.400973970000003 -122.051991659999999 -19.990913389999999 196.347000000000008 -6.090000000000000 -0.299000000000000 29230041708192.000000000000000
37.400972379999999 -122.051992209999995 -19.989921570000000 196.341000000000008 -6.089000000000000 -0.281000000000000 29230077643432.000000000000000
37.400970790000002 -122.051992749999997 -19.989391330000000 196.332999999999998 -6.086000000000000 -0.273000000000000 29230113729372.000000000000000
37.400969210000000 -122.051993300000007 -19.988397599999999 196.326999999999998 -6.076000000000000 -0.263000000000000 29230149676344.000000000000000
37.400967620000003 -122.051993839999994 -19.987543110000001 196.318999999999988 -6.073000000000000 -0.245000000000000 29230185641136.000000000000000
37.400966029999999 -122.051994379999996 -19.987070079999999 196.311000000000007 -6.084000000000000 -0.229000000000000 29230221496968.000000000000000
37.400964440000003 -122.051994930000006 -19.985952380000001 196.306999999999988 -6.089000000000000 -0.212000000000000 29230257589476.000000000000000
37.400962860000000 -122.051995480000002 -19.985105510000000 196.302999999999997 -6.090000000000000 -0.194000000000000 29230294584600.000000000000000
37.400961260000003 -122.051996009999996 -19.983982090000001 196.294999999999987 -6.081000000000000 -0.176000000000000 29230329500192.000000000000000
37.400959680000000 -122.051996560000006 -19.983236309999999 196.292000000000002 -6.077000000000000 -0.148000000000000 29230365348720.000000000000000
37.400958090000003 -122.051997110000002 -19.982194900000000 196.286000000000001 -6.074000000000000 -0.124000000000000 29230401695484.000000000000000
37.400956499999999 -122.051997639999996 -19.981281280000001 196.280000000000001 -6.078000000000000 -0.100000000000000 29230437580848.000000000000000
37.400954900000002 -122.051998190000006 -19.980365750000001 196.272999999999996 -6.084000000000000 -0.087000000000000 29230473749136.000000000000000
37.400953319999999 -122.051998729999994 -19.979713440000001 196.270999999999987 -6.084000000000000 -0.077000000000000 29230509782844.000000000000000
37.400951720000002 -122.051999269999996 -19.978719710000000 196.265999999999991 -6.078000000000000 -0.071000000000000 29230545603612.000000000000000
37.400950129999998 -122.051999820000006 -19.977865220000002 196.263000000000005 -6.081000000000000 -0.053000000000000 29230581418876.000000000000000
37.400948540000002 -122.052000359999994 -19.976903920000002 196.257000000000005 -6.079000000000000 -0.034000000000000 29230617476136.000000000000000
37.400946949999998 -122.052000899999996 -19.975934980000002 196.252999999999986 -6.070000000000000 -0.012000000000000 29230653548496.000000000000000
37.400945360000001 -122.052001450000006 -19.975284580000000 196.250000000000000 -6.059000000000000 0.019000000000000 29230689748020.000000000000000
37.400943769999998 -122.052002000000002 -19.974245069999998 196.244000000000000 -6.050000000000000 0.045000000000000 29230725719208.000000000000000
37.400942170000000 -122.052002529999996 -19.973379139999999 196.241999999999990 -6.042000000000000 0.069000000000000 29230763557632.000000000000000
37.400940579999997 -122.052003080000006 -19.972711560000000 196.231999999999999 -6.027000000000000 0.081000000000000 29230797551520.000000000000000
37.400938990000000 -122.052003630000002 -19.972103120000000 196.228000000000009 -6.014000000000000 0.091000000000000 29230834142072.000000000000000
37.400937390000003 -122.052004170000004 -19.971498489999998 196.222000000000008 -5.995000000000000 0.107000000000000 29230870018908.000000000000000
37.400935799999999 -122.052004710000006 -19.971067430000002 196.213999999999999 -5.985000000000000 0.129000000000000 29230905500697.000000000000000
37.400934200000002 -122.052005260000001 -19.970314030000001 196.210000000000008 -5.978000000000000 0.153000000000000 29230941564132.000000000000000
37.400932599999997 -122.052005800000003 -19.970523830000001 196.205000000000013 -5.966000000000000 0.176000000000000 29230977657096.000000000000000
37.400931010000001 -122.052006349999999 -19.969854349999999 196.197000000000003 -5.953000000000000 0.198000000000000 29231013723624.000000000000000
37.400929410000003 -122.052006899999995 -19.969413759999998 196.188999999999993 -5.935000000000000 0.229000000000000 29231049567852.000000000000000
37.400927809999999 -122.052007439999997 -19.969545360000001 196.181999999999988 -5.923000000000000 0.266000000000000 29231085413400.000000000000000
37.400926220000002 -122.052007990000007 -19.968769070000000 196.173000000000002 -5.905000000000000 0.302000000000000 29231121685356.000000000000000
37.400924619999998 -122.052008529999995 -19.968145369999998 196.165999999999997 -5.893000000000000 0.333000000000000 29231157385132.000000000000000
37.400923020000000 -122.052009080000005 -19.967967989999998 196.158999999999992 -5.885000000000000 0.353000000000000 29231194114980.000000000000000
37.400921420000003 -122.052009620000007 -19.966888430000001 196.151999999999987 -5.874000000000000 0.370000000000000 29231230124832.000000000000000
37.400919829999999 -122.052010170000003 -19.965890880000000 196.143000000000001 -5.880000000000000 0.386000000000000 29231265714708.000000000000000
37.400918230000002 -122.052010710000005 -19.965232850000000 196.135999999999996 -5.877000000000000 0.411000000000000 29231301491028.000000000000000
37.400916629999998 -122.052011260000000 -19.963693620000001 196.129999999999995 -5.876000000000000 0.447000000000000 29231337511284.000000000000000
37.400915040000001 -122.052011809999996 -19.962512969999999 196.122000000000014 -5.872000000000000 0.486000000000000 29231373468723.000000000000000
37.400913430000003 -122.052012349999998 -19.961748119999999 196.116000000000014 -5.870000000000000 0.524000000000000 29231409831744.000000000000000
37.400911839999999 -122.052012899999994 -19.960218430000001 196.110000000000014 -5.879000000000000 0.566000000000000 29231445663324.000000000000000
37.400910240000002 -122.052013439999996 -19.958650590000001 196.099999999999994 -5.889000000000000 0.599000000000000 29231481725748.000000000000000
37.400908639999997 -122.052013979999998 -19.957752230000001 196.094999999999999 -5.898000000000000 0.637000000000000 29231517649452.000000000000000
37.400907040000000 -122.052014529999994 -19.956129069999999 196.086000000000013 -5.910000000000000 0.668000000000000 29231553475356.000000000000000
37.400905440000002 -122.052015080000004 -19.954442980000000 196.074000000000012 -5.929000000000000 0.717000000000000 29231589476676.000000000000000
37.400903839999998 -122.052015620000006 -19.953289030000001 196.067000000000007 -5.944000000000000 0.760000000000000 29231625410632.000000000000000
37.400902240000001 -122.052016170000002 -19.951269150000002 196.061000000000007 -5.964000000000000 0.805000000000000 29231661538464.000000000000000
37.400900640000003 -122.052016719999997 -19.949598309999999 196.051999999999992 -5.980000000000000 0.833000000000000 29231697419688.000000000000000
37.400899029999998 -122.052017260000000 -19.947740549999999 196.045999999999992 -6.009000000000000 0.868000000000000 29231733954660.000000000000000
37.400897430000001 -122.052017809999995 -19.945896149999999 196.034999999999997 -6.041000000000000 0.906000000000000 29231769638112.000000000000000
37.400895830000003 -122.052018360000005 -19.943864820000002 196.027999999999992 -6.064000000000000 0.958000000000000 29231805649656.000000000000000
37.400894219999998 -122.052018899999993 -19.942163470000001 196.016999999999996 -6.078000000000000 1.008000000000000 29231841514600.000000000000000
37.400892620000000 -122.052019450000003 -19.940530780000000 196.008000000000010 -6.089000000000000 1.043000000000000 29231877742992.000000000000000
37.400891020000003 -122.052019999999999 -19.938844679999999 195.997000000000014 -6.100000000000000 1.071000000000000 29231913726660.000000000000000
37.400889409999998 -122.052020540000001 -19.937479020000001 195.986999999999995 -6.123000000000000 1.100000000000000 29231949616152.000000000000000
37.400887800000000 -122.052021089999997 -19.936052320000002 195.978000000000009 -6.150000000000000 1.126000000000000 29231985557808.000000000000000
37.400886200000002 -122.052021640000007 -19.934595110000000 195.968999999999994 -6.169000000000000 1.149000000000000 29232021797676.000000000000000
37.400884589999997 -122.052022179999994 -19.933506009999999 195.956999999999994 -6.174000000000000 1.186000000000000 29232057635472.000000000000000
37.400882989999999 -122.052022730000004 -19.932815550000001 195.945999999999998 -6.176000000000000 1.218000000000000 29232093855548.000000000000000
37.400881380000001 -122.052023280000000 -19.931474690000002 195.933999999999997 -6.176000000000000 1.257000000000000 29232129837660.000000000000000
37.400879770000003 -122.052023829999996 -19.930866240000000 195.921999999999997 -6.186000000000000 1.282000000000000 29232165478152.000000000000000
37.400878159999998 -122.052024369999998 -19.930305480000001 195.909999999999997 -6.197000000000000 1.303000000000000 29232201540240.000000000000000
37.400876560000000 -122.052024919999994 -19.929594040000001 195.895999999999987 -6.207000000000000 1.313000000000000 29232237662364.000000000000000
37.400874940000001 -122.052025470000004 -19.929119109999998 195.889000000000010 -6.202000000000000 1.327000000000000 29232273828948.000000000000000
37.400873339999997 -122.052026020000000 -19.928728100000001 195.877999999999986 -6.189000000000000 1.349000000000000 29232311661492.000000000000000
37.400871729999999 -122.052026569999995 -19.928155900000000 195.866999999999990 -6.172000000000000 1.374000000000000 29232345494796.000000000000000
37.400870110000000 -122.052027109999997 -19.927793500000000 195.858000000000004 -6.165000000000000 1.382000000000000 29232381397308.000000000000000
37.400868510000002 -122.052027659999993 -19.927375789999999 195.848999999999990 -6.155000000000000 1.385000000000000 29232417400396.000000000000000
37.400866899999997 -122.052028210000003 -19.927068710000000 195.837999999999994 -6.156000000000000 1.385000000000000 29232453691532.000000000000000
37.400865279999998 -122.052028750000005 -19.927667620000001 195.830999999999989 -6.138000000000000 1.381000000000000 29232489575892.000000000000000
37.400863670000000 -122.052029300000001 -19.927207950000000 195.824000000000012 -6.125000000000000 1.386000000000000 29232525616020.000000000000000
37.400862060000001 -122.052029840000003 -19.926685330000002 195.813999999999993 -6.109000000000000 1.389000000000000 29232561609684.000000000000000
37.400860450000003 -122.052030380000005 -19.927055360000001 195.806999999999988 -6.098000000000000 1.379000000000000 29232597649296.000000000000000
37.400858839999998 -122.052030930000001 -19.926185610000001 195.805000000000007 -6.086000000000000 1.368000000000000 29232633991128.000000000000000
37.400857230000000 -122.052031479999997 -19.925752639999999 195.796999999999997 -6.074000000000000 1.355000000000000 29232669652848.000000000000000
37.400855610000001 -122.052032010000005 -19.925825119999999 195.790999999999997 -6.059000000000000 1.353000000000000 29232705694620.000000000000000
37.400854000000002 -122.052032560000001 -19.924646379999999 195.782999999999987 -6.049000000000000 1.361000000000000 29232741682788.000000000000000
37.400852399999998 -122.052033100000003 -19.923652650000001 195.775000000000006 -6.034000000000000 1.361000000000000 29232777509076.000000000000000
37.400850779999999 -122.052033640000005 -19.923301700000000 195.768000000000001 -6.009000000000000 1.359000000000000 29232813605460.000000000000000
37.400849170000001 -122.052034180000007 -19.921983720000000 195.764999999999986 -5.992000000000000 1.348000000000000 29232849511308.000000000000000
37.400847560000003 -122.052034730000003 -19.920669560000000 195.762000000000000 -5.984000000000000 1.338000000000000 29232885455172.000000000000000
37.400845940000004 -122.052035259999997 -19.920158390000001 195.758999999999986 -5.982000000000000 1.330000000000000 29232921396600.000000000000000
37.400844329999998 -122.052035810000007 -19.918525700000000 195.754999999999995 -5.976000000000000 1.326000000000000 29232957433428.000000000000000
37.400842720000000 -122.052036349999995 -19.917131420000000 195.748999999999995 -5.965000000000000 1.318000000000000 29232994017072.000000000000000
37.400841100000001 -122.052036880000003 -19.916376110000002 195.742999999999995 -5.946000000000000 1.310000000000000 29233030062336.000000000000000
37.400839490000003 -122.052037420000005 -19.914735790000002 195.739000000000004 -5.938000000000000 1.304000000000000 29233065624048.000000000000000
37.400837879999997 -122.052037970000001 -19.912855149999999 195.733000000000004 -5.939000000000000 1.300000000000000 29233101408192.000000000000000
37.400836259999998 -122.052038510000003 -19.911346439999999 195.729000000000013 -5.939000000000000 1.286000000000000 29233137540232.000000000000000
37.400834650000000 -122.052039050000005 -19.909334179999998 195.725999999999999 -5.931000000000000 1.272000000000000 29233173571880.000000000000000
37.400833040000002 -122.052039590000007 -19.907743450000002 195.724999999999994 -5.916000000000000 1.259000000000000 29233209749556.000000000000000
37.400831420000003 -122.052040129999995 -19.906181340000000 195.722000000000008 -5.907000000000000 1.246000000000000 29233245582072.000000000000000
37.400829809999998 -122.052040669999997 -19.904136659999999 195.718999999999994 -5.898000000000000 1.224000000000000 29233281652080.000000000000000
37.400828189999999 -122.052041220000007 -19.902194980000001 195.711000000000013 -5.894000000000000 1.196000000000000 29233317462720.000000000000000
37.400826580000000 -122.052041759999994 -19.900468830000001 195.707999999999998 -5.892000000000000 1.163000000000000 29233353623328.000000000000000
37.400824960000001 -122.052042299999997 -19.898450850000000 195.704000000000008 -5.884000000000000 1.134000000000000 29233389351644.000000000000000
37.400823350000003 -122.052042839999999 -19.896606450000000 195.699999999999989 -5.867000000000000 1.116000000000000 29233425371612.000000000000000
37.400821729999997 -122.052043380000001 -19.895002370000000 195.698000000000008 -5.858000000000000 1.104000000000000 29233461433272.000000000000000
37.400820109999998 -122.052043920000003 -19.893056869999999 195.693999999999988 -5.847000000000000 1.086000000000000 29233497596484.000000000000000
37.400818500000000 -122.052044460000005 -19.891180039999998 195.689999999999998 -5.841000000000000 1.061000000000000 29233534060092.000000000000000
37.400816880000001 -122.052044989999999 -19.889539719999998 195.687999999999988 -5.835000000000000 1.026000000000000 29233569474213.000000000000000
37.400815260000002 -122.052045530000001 -19.887582779999999 195.681000000000012 -5.830000000000000 1.010000000000000 29233605461460.000000000000000
37.400813650000003 -122.052046070000003 -19.885490420000000 195.676999999999992 -5.829000000000000 1.002000000000000 29233641351102.000000000000000
37.400812029999997 -122.052046599999997 -19.883672709999999 195.674000000000007 -5.819000000000000 0.989000000000000 29233677259989.000000000000000
37.400810409999998 -122.052047139999999 -19.881521220000000 195.668000000000006 -5.808000000000000 0.979000000000000 29233713356562.000000000000000
37.400808789999999 -122.052047680000001 -19.879516599999999 195.663000000000011 -5.809000000000000 0.960000000000000 29233749453732.000000000000000
37.400807170000000 -122.052048209999995 -19.877574920000001 195.657999999999987 -5.815000000000000 0.944000000000000 29233785339036.000000000000000
37.400805550000001 -122.052048749999997 -19.875158310000000 195.657999999999987 -5.829000000000000 0.932000000000000 29233821594072.000000000000000
37.400803930000002 -122.052049289999999 -19.873100279999999 195.652999999999992 -5.840000000000000 0.931000000000000 29233858192668.000000000000000
37.400802310000003 -122.052049819999993 -19.871032710000001 195.647999999999996 -5.842000000000000 0.934000000000000 29233893810312.000000000000000
37.400800689999997 -122.052050359999996 -19.868558879999998 195.645999999999987 -5.844000000000000 0.931000000000000 29233929648930.000000000000000
37.400799079999999 -122.052050890000004 -19.866218570000001 195.645999999999987 -5.858000000000000 0.927000000000000 29233965392205.000000000000000
37.400797460000000 -122.052051430000006 -19.864078520000000 195.640999999999991 -5.872000000000000 0.914000000000000 29234001470262.000000000000000
37.400795840000001 -122.052051960000000 -19.861703869999999 195.637000000000000 -5.884000000000000 0.902000000000000 29234037385761.000000000000000
37.400794220000002 -122.052052500000002 -19.859363559999998 195.635999999999996 -5.894000000000000 0.895000000000000 29234075976636.000000000000000
37.400792590000002 -122.052053029999996 -19.857425689999999 195.627999999999986 -5.901000000000000 0.903000000000000 29234109412677.000000000000000
37.400790970000003 -122.052053560000004 -19.855289460000002 195.625000000000000 -5.911000000000000 0.917000000000000 29234145282345.000000000000000
37.400789349999997 -122.052054100000007 -19.852796550000001 195.622000000000014 -5.928000000000000 0.927000000000000 29234181303081.000000000000000
37.400787729999998 -122.052054630000001 -19.850687030000000 195.616999999999990 -5.953000000000000 0.926000000000000 29234217261906.000000000000000
37.400786109999999 -122.052055170000003 -19.848360060000001 195.617999999999995 -5.984000000000000 0.918000000000000 29234253342801.000000000000000
37.400784479999999 -122.052055699999997 -19.846349719999999 195.611999999999995 -6.001000000000000 0.917000000000000 29234289663768.000000000000000
37.400782860000000 -122.052056239999999 -19.844581600000001 195.605999999999995 -6.010000000000000 0.930000000000000 29234325298092.000000000000000
37.400781230000000 -122.052056769999993 -19.842975620000001 195.600999999999999 -6.016000000000000 0.951000000000000 29234361401304.000000000000000
37.400779610000001 -122.052057309999995 -19.840476989999999 195.594999999999999 -6.030000000000000 0.970000000000000 29234397271408.000000000000000
37.400777990000002 -122.052057849999997 -19.839012149999999 195.588999999999999 -6.052000000000000 0.975000000000000 29234434024266.000000000000000
37.400776360000002 -122.052058389999999 -19.837249759999999 195.580999999999989 -6.077000000000000 0.970000000000000 29234469742083.000000000000000
37.400774740000003 -122.052058919999993 -19.835573199999999 195.574000000000012 -6.092000000000000 0.954000000000000 29234505437600.000000000000000
37.400773110000003 -122.052059459999995 -19.834142679999999 195.567000000000007 -6.112000000000000 0.944000000000000 29234541362823.000000000000000
37.400771480000003 -122.052059999999997 -19.832637790000000 195.558999999999997 -6.125000000000000 0.935000000000000 29234577353973.000000000000000
37.400769859999997 -122.052060539999999 -19.830699920000001 195.554000000000002 -6.143000000000000 0.930000000000000 29234613414114.000000000000000
37.400768229999997 -122.052061080000001 -19.828987120000001 195.544000000000011 -6.167000000000000 0.924000000000000 29234649354549.000000000000000
37.400766599999997 -122.052061620000003 -19.827251430000000 195.536000000000001 -6.197000000000000 0.908000000000000 29234685380496.000000000000000
37.400764979999998 -122.052062160000006 -19.825717930000000 195.521999999999991 -6.221000000000000 0.903000000000000 29234721633948.000000000000000
37.400763349999998 -122.052062710000001 -19.824211120000001 195.514999999999986 -6.227000000000000 0.904000000000000 29234757758064.000000000000000
37.400761719999998 -122.052063250000003 -19.823385240000000 195.509999999999991 -6.230000000000000 0.918000000000000 29234793758853.000000000000000
37.400760089999999 -122.052063790000005 -19.821380619999999 195.503999999999991 -6.238000000000000 0.934000000000000 29234829258150.000000000000000
37.400758459999999 -122.052064329999993 -19.820451739999999 195.496000000000009 -6.257000000000000 0.929000000000000 29234865483963.000000000000000
37.400756829999999 -122.052064860000002 -19.819337839999999 195.489000000000004 -6.290000000000000 0.900000000000000 29234901325038.000000000000000
37.400755199999999 -122.052065400000004 -19.818325040000001 195.480999999999995 -6.318000000000000 0.852000000000000 29234937290780.000000000000000
37.400753559999998 -122.052065949999999 -19.817270279999999 195.473999999999990 -6.339000000000000 0.827000000000000 29234973619740.000000000000000
37.400751929999998 -122.052066479999993 -19.816516879999998 195.466000000000008 -6.346000000000000 0.841000000000000 29235009497028.000000000000000
37.400750299999999 -122.052067019999996 -19.815378190000001 195.460000000000008 -6.338000000000000 0.870000000000000 29235045414180.000000000000000
37.400748659999998 -122.052067559999998 -19.814790729999999 195.456999999999994 -6.335000000000000 0.909000000000000 29235081406608.000000000000000
37.400747029999998 -122.052068090000006 -19.814464569999998 195.451999999999998 -6.330000000000000 0.920000000000000 29235117445152.000000000000000
37.400745389999997 -122.052068629999994 -19.813711170000001 195.445999999999998 -6.331000000000000 0.903000000000000 29235153304638.000000000000000
37.400743759999997 -122.052069169999996 -19.813446039999999 195.444999999999993 -6.332000000000000 0.865000000000000 29235189231855.000000000000000
37.400742119999997 -122.052069700000004 -19.813570020000000 195.442000000000007 -6.333000000000000 0.834000000000000 29235225422271.000000000000000
37.400740489999997 -122.052070240000006 -19.813085560000001 195.438999999999993 -6.327000000000000 0.823000000000000 29235261359004.000000000000000
37.400738840000002 -122.052070779999994 -19.813072200000001 195.437999999999988 -6.305000000000000 0.822000000000000 29235297329169.000000000000000
37.400737200000002 -122.052071319999996 -19.813409810000000 195.436000000000007 -6.276000000000000 0.826000000000000 29235334162140.000000000000000
37.400735570000002 -122.052071850000004 -19.813596730000000 195.431999999999988 -6.242000000000000 0.828000000000000 29235369757008.000000000000000
37.400733920000000 -122.052072390000006 -19.813955310000001 195.431999999999988 -6.218000000000000 0.819000000000000 29235405299776.000000000000000
37.400732280000000 -122.052072929999994 -19.814512250000000 195.430000000000007 -6.188000000000000 0.798000000000000 29235441337648.000000000000000
37.400730639999999 -122.052073460000003 -19.814914699999999 195.427999999999997 -6.163000000000000 0.771000000000000 29235477365754.000000000000000
37.400728999999998 -122.052074009999998 -19.815196990000000 195.429000000000002 -6.132000000000000 0.743000000000000 29235513267093.000000000000000
37.400727349999997 -122.052074540000007 -19.815362929999999 195.426999999999992 -6.099000000000000 0.725000000000000 29235549519159.000000000000000
37.400725710000003 -122.052075070000001 -19.815856929999999 195.426999999999992 -6.069000000000000 0.720000000000000 29235585320757.000000000000000
37.400724070000003 -122.052075610000003 -19.815858840000001 195.426999999999992 -6.040000000000000 0.727000000000000 29235621465480.000000000000000
37.400722420000001 -122.052076150000005 -19.815650940000001 195.425999999999988 -6.010000000000000 0.741000000000000 29235657337305.000000000000000
37.400720780000000 -122.052076679999999 -19.815793990000000 195.427999999999997 -5.977000000000000 0.746000000000000 29235693284631.000000000000000
37.400719129999999 -122.052077220000001 -19.815319060000000 195.423000000000002 -5.947000000000000 0.735000000000000 29235729695520.000000000000000
37.400717489999998 -122.052077760000003 -19.814571380000000 195.429000000000002 -5.923000000000000 0.714000000000000 29235765268671.000000000000000
37.400715849999997 -122.052078289999997 -19.814243319999999 195.427999999999997 -5.904000000000000 0.699000000000000 29235801299457.000000000000000
37.400714200000003 -122.052078829999999 -19.813230510000000 195.427999999999997 -5.886000000000000 0.695000000000000 29235837576456.000000000000000
37.400712550000001 -122.052079370000001 -19.812009809999999 195.427999999999997 -5.857000000000000 0.702000000000000 29235873559992.000000000000000
37.400710910000001 -122.052079899999995 -19.811197279999998 195.430000000000007 -5.827000000000000 0.711000000000000 29235909332124.000000000000000
37.400709259999999 -122.052080439999997 -19.809780119999999 195.426999999999992 -5.796000000000000 0.714000000000000 29235945136581.000000000000000
37.400707609999998 -122.052080970000006 -19.808168410000000 195.431000000000012 -5.775000000000000 0.708000000000000 29235981269052.000000000000000
37.400705969999997 -122.052081509999994 -19.806938169999999 195.431999999999988 -5.755000000000000 0.696000000000000 29236017180171.000000000000000
37.400704320000003 -122.052082049999996 -19.805311199999998 195.432999999999993 -5.733000000000000 0.692000000000000 29236053206085.000000000000000
37.400702670000001 -122.052082580000004 -19.803928379999999 195.435000000000002 -5.706000000000000 0.703000000000000 29236089244761.000000000000000
37.400701020000000 -122.052083120000006 -19.802103039999999 195.435000000000002 -5.676000000000000 0.725000000000000 29236125302118.000000000000000
37.400699379999999 -122.052083659999994 -19.801404949999998 195.436000000000007 -5.638000000000000 0.747000000000000 29236161451266.000000000000000
37.400697729999997 -122.052084190000002 -19.799926760000002 195.435000000000002 -5.603000000000000 0.742000000000000 29236197513519.000000000000000
37.400696080000003 -122.052084730000004 -19.798561100000001 195.437000000000012 -5.572000000000000 0.726000000000000 29236233866121.000000000000000
37.400694440000002 -122.052085270000006 -19.797807689999999 195.436000000000007 -5.557000000000000 0.715000000000000 29236269437871.000000000000000
37.400692790000001 -122.052085800000000 -19.795959470000000 195.439999999999998 -5.546000000000000 0.704000000000000 29236305400587.000000000000000
37.400691139999999 -122.052086340000002 -19.794523240000000 195.443000000000012 -5.528000000000000 0.704000000000000 29236341387177.000000000000000
37.400689489999998 -122.052086880000004 -19.793041230000000 195.444999999999993 -5.507000000000000 0.697000000000000 29236377111561.000000000000000
37.400687840000003 -122.052087409999999 -19.790565489999999 195.445999999999998 -5.479000000000000 0.689000000000000 29236413284892.000000000000000
37.400686190000002 -122.052087950000001 -19.788721079999998 195.445999999999998 -5.464000000000000 0.691000000000000 29236449266340.000000000000000
37.400684540000000 -122.052088490000003 -19.786842350000001 195.443000000000012 -5.452000000000000 0.699000000000000 29236485183828.000000000000000
37.400682889999999 -122.052089019999997 -19.784097670000001 195.449000000000012 -5.443000000000000 0.715000000000000 29236521310056.000000000000000
37.400681239999997 -122.052089559999999 -19.781461719999999 195.449999999999989 -5.433000000000000 0.718000000000000 29236557369138.000000000000000
37.400679590000003 -122.052090100000001 -19.779062270000001 195.449999999999989 -5.426000000000000 0.709000000000000 29236593993987.000000000000000
37.400677940000001 -122.052090640000003 -19.775829320000000 195.451999999999998 -5.421000000000000 0.690000000000000 29236630001343.000000000000000
37.400676290000000 -122.052091180000005 -19.772991180000002 195.454000000000008 -5.427000000000000 0.671000000000000 29236665378480.000000000000000
37.400674639999998 -122.052091720000007 -19.770128249999999 195.454000000000008 -5.445000000000000 0.651000000000000 29236701181509.000000000000000
37.400672989999997 -122.052092259999995 -19.766374590000002 195.460000000000008 -5.460000000000000 0.638000000000000 29236737252783.000000000000000
37.400671340000002 -122.052092790000003 -19.763187410000000 195.461999999999989 -5.475000000000000 0.625000000000000 29236773260226.000000000000000
37.400669690000001 -122.052093339999999 -19.758377079999999 195.460000000000008 -5.483000000000000 0.618000000000000 29236809247650.000000000000000
37.400668029999999 -122.052093869999993 -19.754535680000000 195.463999999999999 -5.503000000000000 0.600000000000000 29236845285033.000000000000000
37.400666379999997 -122.052094409999995 -19.750791549999999 195.463999999999999 -5.544000000000000 0.585000000000000 29237426199480.000000000000000
37.400664730000003 -122.052094949999997 -19.745916370000000 195.467999999999989 -5.578000000000000 0.573000000000000 29237426473800.000000000000000
37.400663070000000 -122.052095489999999 -19.741947170000000 195.475999999999999 -5.616000000000000 0.577000000000000 29237426656992.000000000000000
37.400661419999999 -122.052096030000001 -19.737970350000001 195.474999999999994 -5.649000000000000 0.585000000000000 29237426836308.000000000000000
37.400659760000003 -122.052096570000003 -19.733030320000001 195.479000000000013 -5.680000000000000 0.585000000000000 29237427011088.000000000000000
37.400658110000002 -122.052097110000005 -19.729070660000001 195.481999999999999 -5.719000000000000 0.572000000000000 29237427183984.000000000000000
37.400656450000000 -122.052097640000000 -19.725276950000001 195.483000000000004 -5.760000000000000 0.559000000000000 29237427355560.000000000000000
37.400654799999998 -122.052098180000002 -19.720602039999999 195.486999999999995 -5.805000000000000 0.549000000000000 29237427530520.000000000000000
37.400653140000003 -122.052098720000004 -19.717031479999999 195.491999999999990 -5.850000000000000 0.542000000000000 29237427701352.000000000000000
37.400651490000001 -122.052099260000006 -19.713071820000000 195.495000000000005 -5.895000000000000 0.539000000000000 29237427873444.000000000000000
37.400649829999999 -122.052099799999993 -19.708875660000000 195.502999999999986 -5.920000000000000 0.524000000000000 29237428044768.000000000000000
37.400648169999997 -122.052100339999996 -19.706161500000000 195.506000000000000 -5.942000000000000 0.519000000000000 29237428213608.000000000000000
37.400646510000001 -122.052100879999998 -19.702638629999999 195.508999999999986 -5.978000000000000 0.508000000000000 29237428382448.000000000000000
37.400644849999999 -122.052101420000000 -19.699201580000000 195.515999999999991 -6.019000000000000 0.499000000000000 29237428549812.000000000000000
37.400643189999997 -122.052101960000002 -19.696937559999999 195.520000000000010 -6.058000000000000 0.484000000000000 29237428720056.000000000000000
37.400641530000001 -122.052102489999996 -19.694355009999999 195.524000000000001 -6.091000000000000 0.476000000000000 29237428888596.000000000000000
37.400639869999999 -122.052103040000006 -19.691545489999999 195.526000000000010 -6.116000000000000 0.477000000000000 29237457493848.000000000000000
37.400638209999997 -122.052103570000000 -19.689994810000002 195.531000000000006 -6.140000000000000 0.490000000000000 29237493850095.000000000000000
37.400636550000002 -122.052104110000002 -19.687761309999999 195.536000000000001 -6.165000000000000 0.494000000000000 29237529644172.000000000000000
37.400634889999999 -122.052104650000004 -19.685606000000000 195.538999999999987 -6.189000000000000 0.500000000000000 29237565263271.000000000000000
37.400633229999997 -122.052105190000006 -19.684467320000000 195.543000000000006 -6.215000000000000 0.499000000000000 29237601284076.000000000000000
37.400631560000001 -122.052105729999994 -19.682929990000002 195.549000000000007 -6.244000000000000 0.495000000000000 29237637324351.000000000000000
37.400629899999998 -122.052106269999996 -19.681070330000001 195.550999999999988 -6.266000000000000 0.488000000000000 29237673301662.000000000000000
37.400628240000003 -122.052106809999998 -19.680076600000000 195.552999999999997 -6.282000000000000 0.492000000000000 29237709312471.000000000000000
37.400626570000000 -122.052107350000000 -19.679101939999999 195.557999999999993 -6.287000000000000 0.504000000000000 29237745342693.000000000000000
37.400624909999998 -122.052107890000002 -19.677770610000000 195.563999999999993 -6.294000000000000 0.526000000000000 29237781202617.000000000000000
37.400623240000002 -122.052108430000004 -19.677274700000002 195.568000000000012 -6.305000000000000 0.537000000000000 29237817341604.000000000000000
37.400621579999999 -122.052108970000006 -19.676448820000001 195.572000000000003 -6.314000000000000 0.540000000000000 29237853285339.000000000000000
37.400619910000003 -122.052109509999994 -19.675468440000000 195.576999999999998 -6.321000000000000 0.531000000000000 29237889371433.000000000000000
37.400618240000000 -122.052110060000004 -19.675302510000002 195.580000000000013 -6.330000000000000 0.524000000000000 29237925345924.000000000000000
37.400616579999998 -122.052110600000006 -19.674615859999999 195.584000000000003 -6.346000000000000 0.526000000000000 29237961355644.000000000000000
37.400614910000002 -122.052111139999994 -19.673660280000000 195.580000000000013 -6.357000000000000 0.532000000000000 29237997378231.000000000000000
37.400613239999998 -122.052111679999996 -19.673374180000000 195.581999999999994 -6.358000000000000 0.543000000000000 29238033748302.000000000000000
37.400611580000003 -122.052112230000006 -19.673257830000001 195.586999999999989 -6.352000000000000 0.562000000000000 29238069407208.000000000000000
37.400609910000000 -122.052112769999994 -19.672479630000002 195.587999999999994 -6.350000000000000 0.584000000000000 29238105148791.000000000000000
37.400608239999997 -122.052113320000004 -19.672342300000000 195.587999999999994 -6.344000000000000 0.597000000000000 29238141281061.000000000000000
37.400606570000001 -122.052113860000006 -19.672008510000001 195.591000000000008 -6.345000000000000 0.597000000000000 29238177232830.000000000000000
37.400604899999998 -122.052114410000001 -19.671266559999999 195.594999999999999 -6.340000000000000 0.589000000000000 29238213328791.000000000000000
37.400603240000002 -122.052114959999997 -19.671087270000001 195.598000000000013 -6.335000000000000 0.576000000000000 29238249281982.000000000000000
37.400601569999999 -122.052115499999999 -19.670904159999999 195.602000000000004 -6.330000000000000 0.564000000000000 29238285208191.000000000000000
37.400599890000002 -122.052116049999995 -19.670537950000000 195.604999999999990 -6.320000000000000 0.557000000000000 29238321375360.000000000000000
37.400598219999999 -122.052116600000005 -19.670333860000000 195.604999999999990 -6.306000000000000 0.545000000000000 29238357748464.000000000000000
37.400596559999997 -122.052117150000001 -19.670145030000000 195.613000000000000 -6.289000000000000 0.526000000000000 29238393927411.000000000000000
37.400594880000000 -122.052117699999997 -19.669864650000001 195.616000000000014 -6.273000000000000 0.507000000000000 29238431420661.000000000000000
37.400593209999997 -122.052118250000007 -19.669822690000000 195.622000000000014 -6.254000000000000 0.489000000000000 29238465304146.000000000000000
37.400591540000001 -122.052118789999994 -19.669469830000001 195.627000000000010 -6.232000000000000 0.473000000000000 29238501263403.000000000000000
37.400589869999997 -122.052119340000004 -19.669042590000000 195.634999999999991 -6.209000000000000 0.446000000000000 29238537172317.000000000000000
37.400588190000001 -122.052119890000000 -19.668615339999999 195.640999999999991 -6.178000000000000 0.406000000000000 29238573372216.000000000000000
37.400586519999997 -122.052120439999996 -19.668478010000001 195.649000000000001 -6.157000000000000 0.369000000000000 29238609206052.000000000000000
37.400584850000001 -122.052120990000006 -19.667778020000000 195.656000000000006 -6.138000000000000 0.330000000000000 29238645200532.000000000000000
37.400583179999998 -122.052121540000002 -19.666997909999999 195.663000000000011 -6.116000000000000 0.307000000000000 29238681264723.000000000000000
37.400581500000001 -122.052122089999997 -19.666585919999999 195.674000000000007 -6.085000000000000 0.292000000000000 29238717485196.000000000000000
