37.401429950000001 -122.051779859999996 -17.316524510000001 197.605999999999995 -5.876000000000000 -0.261000000000000 30843984528072.000000000000000
37.401428359999997 -122.051780449999995 -17.313064579999999 197.604000000000013 -5.872000000000000 -0.269000000000000 30844020255813.000000000000000
37.401426780000001 -122.051781039999995 -17.311349870000001 197.606999999999999 -5.867000000000000 -0.278000000000000 30844056294525.000000000000000
37.401425199999998 -122.051781629999994 -17.309513089999999 197.608000000000004 -5.872000000000000 -0.287000000000000 30844092227538.000000000000000
37.401423620000003 -122.051782209999999 -17.306116100000001 197.608000000000004 -5.873000000000000 -0.306000000000000 30844128164502.000000000000000
37.401422040000000 -122.051782799999998 -17.304445269999999 197.606999999999999 -5.879000000000000 -0.319000000000000 30844164180918.000000000000000
37.401420459999997 -122.051783389999997 -17.302501679999999 197.604999999999990 -5.879000000000000 -0.326000000000000 30844200389592.000000000000000
37.401418870000001 -122.051783970000002 -17.299236300000000 197.600999999999999 -5.879000000000000 -0.330000000000000 30844236073686.000000000000000
37.401417279999997 -122.051784560000002 -17.297378540000000 197.603000000000009 -5.885000000000000 -0.337000000000000 30844272427104.000000000000000
37.401415700000001 -122.051785150000001 -17.295583720000000 197.602000000000004 -5.898000000000000 -0.346000000000000 30844308256560.000000000000000
37.401414109999997 -122.051785730000006 -17.292207720000000 197.600999999999999 -5.900000000000000 -0.355000000000000 30844344283431.000000000000000
37.401412530000002 -122.051786320000005 -17.290281300000000 197.600999999999999 -5.909000000000000 -0.360000000000000 30844380259536.000000000000000
37.401410939999998 -122.051786910000004 -17.288434980000002 197.599999999999994 -5.913000000000000 -0.357000000000000 30844416347616.000000000000000
37.401409350000002 -122.051787500000003 -17.285238270000001 197.600999999999999 -5.920000000000000 -0.347000000000000 30844452273969.000000000000000
37.401407759999998 -122.051788090000002 -17.283454899999999 197.597000000000008 -5.925000000000000 -0.343000000000000 30844488869589.000000000000000
37.401406180000002 -122.051788669999993 -17.281654360000001 197.598999999999990 -5.927000000000000 -0.355000000000000 30844524525840.000000000000000
37.401404589999999 -122.051789260000007 -17.279893879999999 197.598999999999990 -5.937000000000000 -0.369000000000000 30844560051102.000000000000000
37.401403000000002 -122.051789850000006 -17.278383259999998 197.598999999999990 -5.940000000000000 -0.377000000000000 30844596189564.000000000000000
37.401401409999998 -122.051790440000005 -17.276571270000002 197.596000000000004 -5.946000000000000 -0.383000000000000 30844632184443.000000000000000
37.401399820000002 -122.051791019999996 -17.274984360000001 197.598000000000013 -5.943000000000000 -0.388000000000000 30844668101991.000000000000000
37.401398229999998 -122.051791609999995 -17.273723600000000 197.598000000000013 -5.942000000000000 -0.385000000000000 30844704137610.000000000000000
37.401396640000002 -122.051792199999994 -17.272188190000001 197.597000000000008 -5.940000000000000 -0.386000000000000 30844740177564.000000000000000
37.401395049999998 -122.051792789999993 -17.270799640000000 197.594999999999999 -5.938000000000000 -0.385000000000000 30844776027759.000000000000000
37.401393460000001 -122.051793380000007 -17.269416809999999 197.594999999999999 -5.946000000000000 -0.394000000000000 30844812488888.000000000000000
37.401391869999998 -122.051793970000006 -17.268285750000000 197.592000000000013 -5.944000000000000 -0.409000000000000 30844848884544.000000000000000
37.401390280000001 -122.051794560000005 -17.266914369999999 197.593999999999994 -5.948000000000000 -0.410000000000000 30844884250856.000000000000000
37.401388679999997 -122.051795150000004 -17.265588760000000 197.594999999999999 -5.938000000000000 -0.407000000000000 30844920088836.000000000000000
37.401387090000000 -122.051795740000003 -17.264310840000000 197.590000000000003 -5.933000000000000 -0.401000000000000 30844956144105.000000000000000
37.401385500000004 -122.051796319999994 -17.262954709999999 197.590000000000003 -5.926000000000000 -0.400000000000000 30844992191607.000000000000000
37.401383899999999 -122.051796909999993 -17.261734010000001 197.586000000000013 -5.921000000000000 -0.405000000000000 30845028156747.000000000000000
37.401382310000002 -122.051797510000000 -17.260362629999999 197.586000000000013 -5.923000000000000 -0.404000000000000 30845064284724.000000000000000
37.401380719999999 -122.051798090000005 -17.258932110000000 197.582999999999998 -5.924000000000000 -0.412000000000000 30845100127836.000000000000000
37.401379120000001 -122.051798689999998 -17.257499690000000 197.579000000000008 -5.918000000000000 -0.415000000000000 30845136069177.000000000000000
37.401377529999998 -122.051799270000004 -17.256250380000001 197.580999999999989 -5.913000000000000 -0.412000000000000 30845172122430.000000000000000
37.401375930000000 -122.051799860000003 -17.252182009999999 197.576999999999998 -5.906000000000000 -0.405000000000000 30845208295650.000000000000000
37.401374330000003 -122.051800450000002 -17.250741959999999 197.575999999999993 -5.904000000000000 -0.398000000000000 30845244412692.000000000000000
37.401372739999999 -122.051801049999995 -17.249177929999998 197.573000000000008 -5.905000000000000 -0.398000000000000 30845280163792.000000000000000
37.401371140000002 -122.051801630000000 -17.245067599999999 197.568999999999988 -5.905000000000000 -0.403000000000000 30845316211880.000000000000000
37.401369539999997 -122.051802230000007 -17.243581769999999 197.566000000000003 -5.900000000000000 -0.403000000000000 30845352313359.000000000000000
37.401367940000000 -122.051802820000006 -17.242080690000002 197.562999999999988 -5.899000000000000 -0.402000000000000 30845388880320.000000000000000
37.401366340000003 -122.051803410000005 -17.238067630000000 197.561000000000007 -5.901000000000000 -0.395000000000000 30845424290268.000000000000000
37.401364749999999 -122.051804000000004 -17.236366270000001 197.560000000000002 -5.905000000000000 -0.392000000000000 30845460295674.000000000000000
37.401363150000002 -122.051804590000003 -17.234933850000001 197.555000000000007 -5.905000000000000 -0.389000000000000 30845496139701.000000000000000
37.401361549999997 -122.051805180000002 -17.230939870000000 197.551999999999992 -5.904000000000000 -0.385000000000000 30845532093066.000000000000000
37.401359950000000 -122.051805770000001 -17.229286190000000 197.546999999999997 -5.910000000000000 -0.378000000000000 30845568001329.000000000000000
37.401358350000002 -122.051806360000000 -17.227516170000001 197.546999999999997 -5.915000000000000 -0.371000000000000 30845604046743.000000000000000
37.401356739999997 -122.051806950000000 -17.223571780000000 197.542000000000002 -5.915000000000000 -0.363000000000000 30845640132840.000000000000000
37.401355140000000 -122.051807539999999 -17.221860889999999 197.536000000000001 -5.915000000000000 -0.361000000000000 30845676142737.000000000000000
37.401353550000003 -122.051808140000006 -17.220203399999999 197.532999999999987 -5.920000000000000 -0.358000000000000 30845712290241.000000000000000
37.401351939999998 -122.051808730000005 -17.216394420000000 197.532000000000011 -5.932000000000000 -0.348000000000000 30845748685929.000000000000000
37.401350340000000 -122.051809320000004 -17.214519500000002 197.527999999999992 -5.940000000000000 -0.339000000000000 30845784086067.000000000000000
37.401348740000003 -122.051809910000003 -17.212940220000000 197.524000000000001 -5.945000000000000 -0.331000000000000 30845820097044.000000000000000
37.401347129999998 -122.051810500000002 -17.209180830000001 197.519000000000005 -5.951000000000000 -0.325000000000000 30845856239916.000000000000000
37.401345530000000 -122.051811090000001 -17.207477569999998 197.519000000000005 -5.959000000000000 -0.315000000000000 30845892234992.000000000000000
37.401343930000003 -122.051811689999994 -17.205545430000001 197.510999999999996 -5.972000000000000 -0.309000000000000 30845928157698.000000000000000
37.401342319999998 -122.051812279999993 -17.198162079999999 197.508000000000010 -5.984000000000000 -0.306000000000000 30845964107232.000000000000000
37.401340709999999 -122.051812870000006 -17.196409230000000 197.502000000000010 -5.991000000000000 -0.304000000000000 30846000255444.000000000000000
37.401339110000002 -122.051813460000005 -17.194683070000000 197.498999999999995 -6.002000000000000 -0.301000000000000 30846036214788.000000000000000
37.401337499999997 -122.051814050000004 -17.187601090000001 197.491999999999990 -6.019000000000000 -0.290000000000000 30846072221271.000000000000000
37.401335889999999 -122.051814640000003 -17.185873030000000 197.490000000000009 -6.031000000000000 -0.277000000000000 30846108156184.000000000000000
37.401334290000001 -122.051815239999996 -17.184185029999998 197.485999999999990 -6.042000000000000 -0.272000000000000 30846144070296.000000000000000
37.401332680000003 -122.051815829999995 -17.177385330000000 197.479000000000013 -6.051000000000000 -0.270000000000000 30846180241431.000000000000000
37.401331069999998 -122.051816419999994 -17.175844189999999 197.474999999999994 -6.066000000000000 -0.266000000000000 30846216161622.000000000000000
37.401329470000000 -122.051817009999994 -17.174087520000000 197.473999999999990 -6.085000000000000 -0.255000000000000 30846252331965.000000000000000
37.401327850000001 -122.051817600000007 -17.167613979999999 197.469999999999999 -6.095000000000000 -0.245000000000000 30846288748308.000000000000000
37.401326240000003 -122.051818190000006 -17.166107180000001 197.465000000000003 -6.106000000000000 -0.236000000000000 30846324077505.000000000000000
37.401324639999999 -122.051818789999999 -17.164554599999999 197.457999999999998 -6.114000000000000 -0.232000000000000 30846360104574.000000000000000
37.401323020000000 -122.051819379999998 -17.158512120000001 197.455000000000013 -6.129000000000000 -0.221000000000000 30846395958282.000000000000000
37.401321410000001 -122.051819969999997 -17.157201770000000 197.449000000000012 -6.141000000000000 -0.215000000000000 30846431999316.000000000000000
37.401319809999997 -122.051820570000004 -17.155559539999999 197.443999999999988 -6.160000000000000 -0.214000000000000 30846468175737.000000000000000
37.401318189999998 -122.051821160000003 -17.149766920000001 197.442000000000007 -6.173000000000000 -0.225000000000000 30846504108597.000000000000000
37.401316580000000 -122.051821750000002 -17.148502350000001 197.438999999999993 -6.191000000000000 -0.223000000000000 30846540158772.000000000000000
37.401314970000001 -122.051822340000001 -17.146965030000000 197.431999999999988 -6.201000000000000 -0.220000000000000 30846576010176.000000000000000
37.401313350000002 -122.051822939999994 -17.141529080000002 197.424000000000007 -6.206000000000000 -0.206000000000000 30846612747984.000000000000000
37.401311739999997 -122.051823529999993 -17.140539170000000 197.421999999999997 -6.212000000000000 -0.200000000000000 30846648587973.000000000000000
37.401310129999999 -122.051824120000006 -17.139221190000001 197.417000000000002 -6.222000000000000 -0.198000000000000 30846684077556.000000000000000
37.401308510000000 -122.051824710000005 -17.136087419999999 197.411000000000001 -6.229000000000000 -0.201000000000000 30846720068775.000000000000000
37.401306890000001 -122.051825300000004 -17.135093690000001 197.403999999999996 -6.237000000000000 -0.206000000000000 30846756011316.000000000000000
37.401305280000003 -122.051825890000003 -17.134157179999999 197.399000000000001 -6.237000000000000 -0.211000000000000 30846792057666.000000000000000
37.401303660000004 -122.051826480000003 -17.131288529999999 197.390999999999991 -6.237000000000000 -0.212000000000000 30846828055938.000000000000000
37.401302039999997 -122.051827070000002 -17.130710600000000 197.385999999999996 -6.232000000000000 -0.207000000000000 30846864030567.000000000000000
37.401300429999999 -122.051827669999994 -17.129749300000000 197.382000000000005 -6.229000000000000 -0.192000000000000 30846900110028.000000000000000
37.401298799999999 -122.051828250000000 -17.127176280000000 197.377000000000010 -6.224000000000000 -0.194000000000000 30846935983192.000000000000000
37.401297190000001 -122.051828850000007 -17.126512529999999 197.370000000000005 -6.217000000000000 -0.209000000000000 30846972076020.000000000000000
37.401295570000002 -122.051829440000006 -17.126125340000002 197.360000000000014 -6.209000000000000 -0.232000000000000 30847007950407.000000000000000
37.401293950000003 -122.051830019999997 -17.123760220000001 197.354999999999990 -6.203000000000000 -0.248000000000000 30847044526848.000000000000000
37.401292329999997 -122.051830620000004 -17.123271939999999 197.349999999999994 -6.197000000000000 -0.249000000000000 30847080090672.000000000000000
37.401290709999998 -122.051831210000003 -17.122606279999999 197.342999999999989 -6.183000000000000 -0.244000000000000 30847116103206.000000000000000
37.401289089999999 -122.051831800000002 -17.120292660000000 197.336000000000013 -6.168000000000000 -0.249000000000000 30847151991405.000000000000000
37.401287470000000 -122.051832390000001 -17.119699480000001 197.332999999999998 -6.155000000000000 -0.261000000000000 30847188756765.000000000000000
37.401285850000001 -122.051832980000000 -17.119235990000000 197.324000000000012 -6.144000000000000 -0.275000000000000 30847224124947.000000000000000
37.401284220000001 -122.051833569999999 -17.116867070000001 197.319999999999993 -6.143000000000000 -0.290000000000000 30847259987160.000000000000000
37.401282600000002 -122.051834159999999 -17.115905760000000 197.312999999999988 -6.138000000000000 -0.299000000000000 30847296189436.000000000000000
37.401280980000003 -122.051834749999998 -17.115230560000001 197.306000000000012 -6.136000000000000 -0.305000000000000 30847332079620.000000000000000
37.401279359999997 -122.051835339999997 -17.116302489999999 197.302999999999997 -6.124000000000000 -0.304000000000000 30847368025446.000000000000000
37.401277739999998 -122.051835929999996 -17.115226750000001 197.296999999999997 -6.114000000000000 -0.299000000000000 30847404042570.000000000000000
37.401276119999999 -122.051836519999995 -17.114103320000002 197.289999999999992 -6.118000000000000 -0.300000000000000 30847440019485.000000000000000
37.401274500000000 -122.051837109999994 -17.114793779999999 197.287000000000006 -6.125000000000000 -0.306000000000000 30847476206499.000000000000000
37.401272880000000 -122.051837699999993 -17.113405230000001 197.282999999999987 -6.132000000000000 -0.317000000000000 30847512486762.000000000000000
37.401271260000001 -122.051838290000006 -17.112369540000000 197.277999999999992 -6.134000000000000 -0.320000000000000 30847548505476.000000000000000
37.401269640000002 -122.051838869999997 -17.112909320000000 197.274000000000001 -6.138000000000000 -0.318000000000000 30847584066744.000000000000000
37.401268020000003 -122.051839470000004 -17.111492160000001 197.269000000000005 -6.143000000000000 -0.319000000000000 30847620143361.000000000000000
37.401266390000004 -122.051840060000004 -17.109998699999998 197.264000000000010 -6.157000000000000 -0.330000000000000 30847656042381.000000000000000
37.401264769999997 -122.051840639999995 -17.110216139999999 197.263000000000005 -6.173000000000000 -0.353000000000000 30847692048450.000000000000000
37.401263149999998 -122.051841229999994 -17.108581539999999 197.259999999999991 -6.189000000000000 -0.374000000000000 30847728072942.000000000000000
37.401261529999999 -122.051841830000001 -17.107112879999999 197.257000000000005 -6.204000000000000 -0.384000000000000 30847764052095.000000000000000
37.401259899999999 -122.051842410000006 -17.107183460000002 197.252000000000010 -6.218000000000000 -0.384000000000000 30847800215292.000000000000000
37.401258280000000 -122.051843000000005 -17.105705260000001 197.247999999999990 -6.227000000000000 -0.373000000000000 30847836189540.000000000000000
37.401256650000001 -122.051843590000004 -17.104034420000001 197.245000000000005 -6.234000000000000 -0.360000000000000 30847872202071.000000000000000
37.401255030000002 -122.051844169999995 -17.104366299999999 197.244000000000000 -6.238000000000000 -0.346000000000000 30847908132171.000000000000000
37.401253400000002 -122.051844759999994 -17.103488920000000 197.239000000000004 -6.244000000000000 -0.335000000000000 30847944017934.000000000000000
37.401251780000003 -122.051845349999994 -17.102127079999999 197.234000000000009 -6.246000000000000 -0.330000000000000 30847980063396.000000000000000
37.401250150000003 -122.051845940000007 -17.102952960000000 197.229000000000013 -6.245000000000000 -0.329000000000000 30848015993010.000000000000000
37.401248520000003 -122.051846530000006 -17.102571489999999 197.227000000000004 -6.238000000000000 -0.332000000000000 30848052008046.000000000000000
37.401246890000003 -122.051847120000005 -17.101734159999999 197.223000000000013 -6.230000000000000 -0.341000000000000 30848088779424.000000000000000
37.401245260000003 -122.051847699999996 -17.102836610000001 197.217999999999989 -6.226000000000000 -0.353000000000000 30848124250380.000000000000000
37.401243630000003 -122.051848289999995 -17.102493290000002 197.212999999999994 -6.224000000000000 -0.367000000000000 30848160063228.000000000000000
37.401242009999997 -122.051848890000002 -17.102069849999999 197.211000000000013 -6.217000000000000 -0.378000000000000 30848195994333.000000000000000
37.401240379999997 -122.051849469999993 -17.103199010000001 197.209000000000003 -6.204000000000000 -0.381000000000000 30848232059061.000000000000000
37.401238739999997 -122.051850060000007 -17.102956769999999 197.201999999999998 -6.189000000000000 -0.373000000000000 30848267958699.000000000000000
37.401237109999997 -122.051850650000006 -17.102575300000002 197.201999999999998 -6.173000000000000 -0.364000000000000 30848304045048.000000000000000
37.401235479999997 -122.051851240000005 -17.103620530000001 197.199000000000012 -6.160000000000000 -0.358000000000000 30848340374940.000000000000000
37.401233849999997 -122.051851830000004 -17.103168490000002 197.195999999999998 -6.146000000000000 -0.356000000000000 30848376071628.000000000000000
37.401232219999997 -122.051852420000003 -17.102867130000000 197.194999999999993 -6.135000000000000 -0.358000000000000 30848412601257.000000000000000
37.401230589999997 -122.051852999999994 -17.103704449999999 197.191000000000003 -6.120000000000000 -0.359000000000000 30848448075684.000000000000000
37.401228959999997 -122.051853589999993 -17.103122710000001 197.187999999999988 -6.106000000000000 -0.359000000000000 30848484330303.000000000000000
37.401227329999998 -122.051854180000007 -17.102626799999999 197.186000000000007 -6.093000000000000 -0.359000000000000 30848520105756.000000000000000
37.401225689999997 -122.051854770000006 -17.103137969999999 197.182999999999993 -6.079000000000000 -0.360000000000000 30848556178344.000000000000000
37.401224059999997 -122.051855360000005 -17.102182389999999 197.182999999999993 -6.071000000000000 -0.367000000000000 30848592060264.000000000000000
37.401222429999997 -122.051855950000004 -17.101547239999999 197.181000000000012 -6.063000000000000 -0.370000000000000 30848628137208.000000000000000
37.401220790000004 -122.051856529999995 -17.101659770000001 197.176999999999992 -6.056000000000000 -0.372000000000000 30848664032454.000000000000000
37.401219159999997 -122.051857119999994 -17.100360869999999 197.176999999999992 -6.048000000000000 -0.372000000000000 30848700018042.000000000000000
37.401217529999997 -122.051857709999993 -17.099510190000000 197.174000000000007 -6.040000000000000 -0.371000000000000 30848738269908.000000000000000
37.401215899999997 -122.051858300000006 -17.101745609999998 197.173000000000002 -6.028000000000000 -0.362000000000000 30848772360300.000000000000000
37.401214269999997 -122.051858890000005 -17.100507740000001 197.173000000000002 -6.024000000000000 -0.353000000000000 30848807961816.000000000000000
37.401212630000003 -122.051859480000005 -17.099174500000000 197.170999999999992 -6.021000000000000 -0.351000000000000 30848844076263.000000000000000
37.401211000000004 -122.051860070000004 -17.101051330000001 197.171999999999997 -6.021000000000000 -0.353000000000000 30848879884536.000000000000000
37.401209369999997 -122.051860660000003 -17.099723820000001 197.165999999999997 -6.014000000000000 -0.354000000000000 30848916012156.000000000000000
37.401207730000003 -122.051861250000002 -17.098527910000001 197.162000000000006 -6.002000000000000 -0.346000000000000 30848952186018.000000000000000
37.401206109999997 -122.051861840000001 -17.100412370000001 197.163999999999987 -5.999000000000000 -0.330000000000000 30848988461151.000000000000000
37.401204470000003 -122.051862430000000 -17.099182129999999 197.162000000000006 -5.995000000000000 -0.319000000000000 30849024174948.000000000000000
37.401202830000003 -122.051863019999999 -17.097898480000001 197.157000000000011 -5.995000000000000 -0.312000000000000 30849060583722.000000000000000
37.401201200000003 -122.051863609999998 -17.099557879999999 197.156000000000006 -5.992000000000000 -0.315000000000000 30849096014694.000000000000000
37.401199570000003 -122.051864199999997 -17.098245620000000 197.156000000000006 -5.991000000000000 -0.311000000000000 30849131977446.000000000000000
37.401197930000002 -122.051864789999996 -17.097023010000001 197.151000000000010 -5.993000000000000 -0.299000000000000 30849168010719.000000000000000
37.401196300000002 -122.051865370000002 -17.098453520000000 197.150000000000006 -5.994000000000000 -0.276000000000000 30849204058275.000000000000000
37.401194660000002 -122.051865960000001 -17.097131730000001 197.145000000000010 -5.987000000000000 -0.245000000000000 30849240049332.000000000000000
37.401193020000001 -122.051866550000000 -17.095932009999999 197.144000000000005 -5.975000000000000 -0.211000000000000 30849275949858.000000000000000
37.401191390000001 -122.051867139999999 -17.097379680000000 197.141999999999996 -5.967000000000000 -0.181000000000000 30849312585996.000000000000000
37.401189750000000 -122.051867729999998 -17.096134190000001 197.135999999999996 -5.965000000000000 -0.159000000000000 30849348262920.000000000000000
37.401188110000000 -122.051868319999997 -17.094778059999999 197.133999999999986 -5.966000000000000 -0.149000000000000 30849383994297.000000000000000
37.401186480000000 -122.051868909999996 -17.095943450000000 197.133999999999986 -5.967000000000000 -0.143000000000000 30849420003993.000000000000000
37.401184839999999 -122.051869499999995 -17.094551090000000 197.129999999999995 -5.969000000000000 -0.128000000000000 30849456003828.000000000000000
37.401183199999998 -122.051870089999994 -17.093265530000000 197.129999999999995 -5.967000000000000 -0.108000000000000 30849491954460.000000000000000
37.401181569999999 -122.051870679999993 -17.094287869999999 197.125000000000000 -5.961000000000000 -0.081000000000000 30849528035871.000000000000000
37.401179929999998 -122.051871270000007 -17.092790600000001 197.123999999999995 -5.960000000000000 -0.058000000000000 30849564080652.000000000000000
37.401178289999997 -122.051871869999999 -17.091421130000001 197.122000000000014 -5.958000000000000 -0.043000000000000 30849599983485.000000000000000
37.401176659999997 -122.051872459999998 -17.094247820000000 197.116999999999990 -5.955000000000000 -0.035000000000000 30849636082776.000000000000000
37.401175019999997 -122.051873060000005 -17.092674259999999 197.119000000000000 -5.958000000000000 -0.036000000000000 30849672105762.000000000000000
37.401173370000002 -122.051873650000005 -17.091176990000001 197.114000000000004 -5.955000000000000 -0.039000000000000 30849708072216.000000000000000
37.401171740000002 -122.051874240000004 -17.093715670000002 197.110999999999990 -5.952000000000000 -0.036000000000000 30849743869383.000000000000000
37.401170100000002 -122.051874839999996 -17.092025759999999 197.108000000000004 -5.950000000000000 -0.033000000000000 30849779916792.000000000000000
37.401168460000001 -122.051875429999996 -17.090457919999999 197.106999999999999 -5.949000000000000 -0.031000000000000 30849815967219.000000000000000
37.401166820000000 -122.051876030000003 -17.092626570000000 197.104999999999990 -5.948000000000000 -0.040000000000000 30849852087009.000000000000000
37.401165180000000 -122.051876620000002 -17.090742110000001 197.105999999999995 -5.949000000000000 -0.046000000000000 30849888675171.000000000000000
37.401163539999999 -122.051877219999994 -17.089096070000000 197.100999999999999 -5.947000000000000 -0.057000000000000 30849924260016.000000000000000
37.401161909999999 -122.051877809999993 -17.091037750000002 197.099999999999994 -5.945000000000000 -0.066000000000000 30849960084180.000000000000000
37.401160259999997 -122.051878410000000 -17.089410780000001 197.092000000000013 -5.940000000000000 -0.067000000000000 30849996015999.000000000000000
37.401158619999997 -122.051879000000000 -17.087486269999999 197.093999999999994 -5.934000000000000 -0.053000000000000 30850032236280.000000000000000
37.401156980000003 -122.051879600000007 -17.089464190000001 197.088999999999999 -5.932000000000000 -0.046000000000000 30850068114726.000000000000000
37.401155340000003 -122.051880190000006 -17.087881090000000 197.087999999999994 -5.928000000000000 -0.047000000000000 30850104011322.000000000000000
37.401153700000002 -122.051880780000005 -17.086227420000000 197.082999999999998 -5.926000000000000 -0.058000000000000 30850139951382.000000000000000
37.401152060000001 -122.051881379999998 -17.087934489999999 197.081999999999994 -5.927000000000000 -0.081000000000000 30850176049731.000000000000000
37.401150420000000 -122.051881969999997 -17.086065290000001 197.084000000000003 -5.937000000000000 -0.095000000000000 30850212421092.000000000000000
37.401148769999999 -122.051882559999996 -17.084438320000000 197.086999999999989 -5.952000000000000 -0.107000000000000 30850248475134.000000000000000
37.401147139999999 -122.051883160000003 -17.085498810000001 197.087999999999994 -5.968000000000000 -0.120000000000000 30850283899737.000000000000000
37.401145489999998 -122.051883750000002 -17.083116530000002 197.088999999999999 -5.972000000000000 -0.135000000000000 30850320041631.000000000000000
37.401143849999997 -122.051884340000001 -17.081317899999998 197.088999999999999 -5.972000000000000 -0.160000000000000 30850355894493.000000000000000
37.401142210000003 -122.051884939999994 -17.082098009999999 197.090000000000003 -5.984000000000000 -0.176000000000000 30850391926221.000000000000000
37.401140570000003 -122.051885530000007 -17.079841609999999 197.093999999999994 -6.003000000000000 -0.183000000000000 30850428035840.000000000000000
37.401138930000002 -122.051886120000006 -17.077356340000001 197.097000000000008 -6.020000000000000 -0.192000000000000 30850464222624.000000000000000
37.401137290000001 -122.051886710000005 -17.077968599999998 197.099999999999994 -6.034000000000000 -0.204000000000000 30850500218448.000000000000000
37.401135650000001 -122.051887300000004 -17.075857160000002 197.102000000000004 -6.039000000000000 -0.218000000000000 30850535892342.000000000000000
37.401133999999999 -122.051887890000003 -17.073728559999999 197.108000000000004 -6.047000000000000 -0.231000000000000 30850572078504.000000000000000
37.401132359999998 -122.051888480000002 -17.074510570000001 197.109000000000009 -6.059000000000000 -0.242000000000000 30850607835684.000000000000000
37.401130719999998 -122.051889070000001 -17.072486880000000 197.109000000000009 -6.077000000000000 -0.250000000000000 30850643958948.000000000000000
37.401129070000003 -122.051889660000001 -17.070404050000000 197.110999999999990 -6.096000000000000 -0.262000000000000 30850680146484.000000000000000
37.401127430000003 -122.051890259999993 -17.071056370000001 197.110999999999990 -6.104000000000000 -0.267000000000000 30850715995980.000000000000000
37.401125790000002 -122.051890850000007 -17.069234850000001 197.110000000000014 -6.111000000000000 -0.264000000000000 30850751988132.000000000000000
37.401124140000000 -122.051891440000006 -17.067302699999999 197.110999999999990 -6.105000000000000 -0.264000000000000 30850788498276.000000000000000
37.401122500000000 -122.051892030000005 -17.068237300000000 197.115000000000009 -6.107000000000000 -0.258000000000000 30850824496740.000000000000000
37.401120859999999 -122.051892620000004 -17.067045210000000 197.116000000000014 -6.103000000000000 -0.268000000000000 30850860565608.000000000000000
37.401119209999997 -122.051893219999997 -17.065145489999999 197.119000000000000 -6.105000000000000 -0.290000000000000 30850896256620.000000000000000
37.401117569999997 -122.051893809999996 -17.066312790000001 197.117999999999995 -6.111000000000000 -0.321000000000000 30850932096816.000000000000000
37.401115920000002 -122.051894399999995 -17.064981459999998 197.120000000000005 -6.119000000000000 -0.353000000000000 30850967990340.000000000000000
37.401114280000002 -122.051894989999994 -17.063655850000000 197.121000000000009 -6.124000000000000 -0.381000000000000 30851003960652.000000000000000
37.401112640000001 -122.051895579999993 -17.064643860000000 197.120000000000005 -6.122000000000000 -0.401000000000000 30851039844684.000000000000000
37.401110989999999 -122.051896170000006 -17.063385010000001 197.121000000000009 -6.118000000000000 -0.402000000000000 30851076013368.000000000000000
37.401109339999998 -122.051896760000005 -17.061904909999999 197.125000000000000 -6.115000000000000 -0.406000000000000 30851112115428.000000000000000
37.401107699999997 -122.051897359999998 -17.062652589999999 197.122999999999990 -6.112000000000000 -0.414000000000000 30851148596196.000000000000000
37.401106050000003 -122.051897949999997 -17.061069490000001 197.122999999999990 -6.109000000000000 -0.433000000000000 30851184127044.000000000000000
37.401104410000002 -122.051898539999996 -17.059795380000001 197.120000000000005 -6.105000000000000 -0.451000000000000 30851220108336.000000000000000
37.401102760000001 -122.051899129999995 -17.060520170000000 197.121000000000009 -6.096000000000000 -0.448000000000000 30851256035184.000000000000000
37.401101120000000 -122.051899719999994 -17.059249879999999 197.116999999999990 -6.076000000000000 -0.445000000000000 30851292149628.000000000000000
37.401099469999998 -122.051900320000001 -17.057575230000001 197.117999999999995 -6.048000000000000 -0.450000000000000 30851327994876.000000000000000
37.401097829999998 -122.051900910000001 -17.058389660000000 197.122000000000014 -6.033000000000000 -0.466000000000000 30851364243264.000000000000000
37.401096180000003 -122.051901500000000 -17.057127000000001 197.122000000000014 -6.024000000000000 -0.509000000000000 30851400251328.000000000000000
37.401094530000002 -122.051902089999999 -17.055900569999999 197.126000000000005 -6.018000000000000 -0.555000000000000 30851436043704.000000000000000
37.401092890000001 -122.051902690000006 -17.056558610000000 197.125000000000000 -6.008000000000000 -0.596000000000000 30851472177720.000000000000000
37.401091240000000 -122.051903280000005 -17.055171970000000 197.127999999999986 -5.992000000000000 -0.623000000000000 30851508005520.000000000000000
37.401089589999998 -122.051903870000004 -17.054065699999999 197.127000000000010 -5.974000000000000 -0.635000000000000 30851544047124.000000000000000
37.401087949999997 -122.051904460000003 -17.054492950000000 197.131000000000000 -5.951000000000000 -0.643000000000000 30851579908640.000000000000000
37.401086300000003 -122.051905050000002 -17.053041459999999 197.133999999999986 -5.933000000000000 -0.650000000000000 30851616041376.000000000000000
37.401084650000001 -122.051905640000001 -17.051830290000002 197.133000000000010 -5.919000000000000 -0.655000000000000 30851652195984.000000000000000
37.401083010000001 -122.051906220000006 -17.051639560000002 197.137000000000000 -5.911000000000000 -0.662000000000000 30851688663336.000000000000000
37.401081359999999 -122.051906810000006 -17.050001139999999 197.144000000000005 -5.900000000000000 -0.663000000000000 30851724385404.000000000000000
37.401079709999998 -122.051907400000005 -17.048547740000000 197.150000000000006 -5.890000000000000 -0.669000000000000 30851760258264.000000000000000
37.401078060000003 -122.051907979999996 -17.047834399999999 197.152999999999992 -5.882000000000000 -0.686000000000000 30851796115656.000000000000000
37.401076420000003 -122.051908569999995 -17.045803070000002 197.158999999999992 -5.873000000000000 -0.702000000000000 30851831888310.000000000000000
37.401074770000001 -122.051909159999994 -17.044092180000000 197.163000000000011 -5.874000000000000 -0.719000000000000 30851868265560.000000000000000
37.401073120000000 -122.051909749999993 -17.043014530000001 197.163000000000011 -5.872000000000000 -0.731000000000000 30851904066780.000000000000000
37.401071479999999 -122.051910340000006 -17.040567400000000 197.169999999999987 -5.878000000000000 -0.739000000000000 30851940131208.000000000000000
37.401069829999997 -122.051910919999997 -17.038499829999999 197.177999999999997 -5.881000000000000 -0.751000000000000 30851976204216.000000000000000
37.401068180000003 -122.051911509999996 -17.037029270000001 197.181999999999988 -5.891000000000000 -0.766000000000000 30852011981928.000000000000000
37.401066540000002 -122.051912099999996 -17.034463880000001 197.188999999999993 -5.905000000000000 -0.780000000000000 30852048077064.000000000000000
37.401064890000001 -122.051912689999995 -17.032138820000000 197.194999999999993 -5.919000000000000 -0.778000000000000 30852084338888.000000000000000
37.401063239999999 -122.051913270000000 -17.030647280000000 197.198000000000008 -5.934000000000000 -0.766000000000000 30852120593064.000000000000000
37.401061599999998 -122.051913859999999 -17.028160100000001 197.200999999999993 -5.945000000000000 -0.749000000000000 30852155895182.000000000000000
37.401059949999997 -122.051914449999998 -17.025510789999998 197.205000000000013 -5.967000000000000 -0.743000000000000 30852191993220.000000000000000
37.401058310000003 -122.051915030000004 -17.023916239999998 197.211000000000013 -5.991000000000000 -0.744000000000000 30852228362688.000000000000000
37.401056660000002 -122.051915620000003 -17.021371840000000 197.212999999999994 -6.011000000000000 -0.758000000000000 30852264250176.000000000000000
37.401055020000001 -122.051916210000002 -17.019021989999999 197.217999999999989 -6.031000000000000 -0.769000000000000 30852299992308.000000000000000
37.401053370000000 -122.051916800000001 -17.017593380000001 197.223999999999990 -6.050000000000000 -0.767000000000000 30852335938524.000000000000000
37.401051729999999 -122.051917390000000 -17.015459060000001 197.224999999999994 -6.069000000000000 -0.760000000000000 30852372248832.000000000000000
37.401050079999997 -122.051917979999999 -17.012882229999999 197.230999999999995 -6.085000000000000 -0.749000000000000 30852408197784.000000000000000
37.401048439999997 -122.051918569999998 -17.011621479999999 197.235000000000014 -6.101000000000000 -0.746000000000000 30852443848769.000000000000000
37.401046790000002 -122.051919159999997 -17.009716030000000 197.235000000000014 -6.120000000000000 -0.754000000000000 30852480211008.000000000000000
37.401045140000001 -122.051919749999996 -17.007762910000000 197.242999999999995 -6.134000000000000 -0.751000000000000 30852516165312.000000000000000
37.401043500000000 -122.051920330000002 -17.006893160000001 197.250000000000000 -6.149000000000000 -0.746000000000000 30852552088968.000000000000000
37.401041859999999 -122.051920920000001 -17.005413059999999 197.256000000000000 -6.166000000000000 -0.736000000000000 30852588425184.000000000000000
37.401040209999998 -122.051921510000000 -17.003608700000001 197.260999999999996 -6.182000000000000 -0.732000000000000 30852624273112.000000000000000
37.401038569999997 -122.051922099999999 -17.002939219999998 197.264999999999986 -6.199000000000000 -0.729000000000000 30852660153396.000000000000000
37.401036920000003 -122.051922689999998 -17.001523970000001 197.266999999999996 -6.211000000000000 -0.736000000000000 30852696783000.000000000000000
37.401035280000002 -122.051923279999997 -17.000085830000000 197.272999999999996 -6.219000000000000 -0.738000000000000 30852732206604.000000000000000
37.401033630000001 -122.051923869999996 -16.999462130000001 197.276000000000010 -6.235000000000000 -0.741000000000000 30852768122460.000000000000000
37.401031990000000 -122.051924459999995 -16.998035430000002 197.282000000000011 -6.242000000000000 -0.741000000000000 30852804496332.000000000000000
37.401030339999998 -122.051925049999994 -16.996767040000002 197.282999999999987 -6.246000000000000 -0.741000000000000 30852840091428.000000000000000
37.401028699999998 -122.051925639999993 -16.996301649999999 197.294000000000011 -6.249000000000000 -0.733000000000000 30852875883968.000000000000000
37.401027059999997 -122.051926240000000 -16.995389939999999 197.300999999999988 -6.256000000000000 -0.718000000000000 30852912193944.000000000000000
37.401025410000003 -122.051926829999999 -16.993873600000001 197.306000000000012 -6.264000000000000 -0.704000000000000 30852948532980.000000000000000
37.401023770000002 -122.051927419999998 -16.993577960000000 197.312999999999988 -6.264000000000000 -0.703000000000000 30852984561660.000000000000000
37.401022130000001 -122.051928009999997 -16.992742539999998 197.319999999999993 -6.262000000000000 -0.710000000000000 30853020179196.000000000000000
37.401020480000000 -122.051928599999997 -16.991819379999999 197.325999999999993 -6.259000000000000 -0.717000000000000 30853056058800.000000000000000
37.401018839999999 -122.051929189999996 -16.991666790000000 197.331999999999994 -6.263000000000000 -0.719000000000000 30853092233976.000000000000000
37.401017189999997 -122.051929790000003 -16.990919110000000 197.337999999999994 -6.264000000000000 -0.712000000000000 30853128022977.000000000000000
37.401015549999997 -122.051930380000002 -16.990179059999999 197.342999999999989 -6.251000000000000 -0.704000000000000 30853164106440.000000000000000
37.401013910000003 -122.051930970000001 -16.990152360000000 197.350999999999999 -6.239000000000000 -0.692000000000000 30853200194198.000000000000000
37.401012260000002 -122.051931560000000 -16.989408489999999 197.355999999999995 -6.235000000000000 -0.686000000000000 30853236209004.000000000000000
37.401010620000001 -122.051932160000007 -16.988685610000001 197.366000000000014 -6.235000000000000 -0.686000000000000 30853272108480.000000000000000
37.401008969999999 -122.051932750000006 -16.988521580000000 197.377999999999986 -6.233000000000000 -0.691000000000000 30853308095652.000000000000000
37.401007329999999 -122.051933340000005 -16.988025669999999 197.382000000000005 -6.224000000000000 -0.680000000000000 30853343934708.000000000000000
37.401005689999998 -122.051933939999998 -16.987257000000000 197.389000000000010 -6.215000000000000 -0.661000000000000 30853379885912.000000000000000
37.401004039999997 -122.051934529999997 -16.987157820000000 197.393000000000001 -6.211000000000000 -0.640000000000000 30853416120372.000000000000000
37.401002400000003 -122.051935130000004 -16.986406330000001 197.400000000000006 -6.194000000000000 -0.634000000000000 30853452335346.000000000000000
37.401000750000001 -122.051935720000003 -16.986064910000000 197.405000000000001 -6.186000000000000 -0.636000000000000 30853488771744.000000000000000
37.400999110000001 -122.051936310000002 -16.985847470000000 197.409999999999997 -6.181000000000000 -0.640000000000000 30853524239124.000000000000000
37.400997470000000 -122.051936909999995 -16.985012050000002 197.417000000000002 -6.180000000000000 -0.633000000000000 30853560179616.000000000000000
37.400995819999999 -122.051937510000002 -16.984174729999999 197.425000000000011 -6.177000000000000 -0.621000000000000 30853595997444.000000000000000
37.400994179999998 -122.051938100000001 -16.983770369999998 197.429000000000002 -6.165000000000000 -0.602000000000000 30853632045444.000000000000000
37.400992530000003 -122.051938699999994 -16.982942580000000 197.436000000000007 -6.153000000000000 -0.585000000000000 30853668247272.000000000000000
37.400990890000003 -122.051939300000001 -16.981992720000001 197.438999999999993 -6.148000000000000 -0.575000000000000 30853703800652.000000000000000
37.400989250000002 -122.051939899999994 -16.981548310000001 197.445999999999998 -6.155000000000000 -0.570000000000000 30853740142392.000000000000000
37.400987600000001 -122.051940490000007 -16.980484010000001 197.454000000000008 -6.154000000000000 -0.569000000000000 30853776198060.000000000000000
37.400985960000000 -122.051941090000000 -16.979604720000001 197.457999999999998 -6.150000000000000 -0.566000000000000 30853812202308.000000000000000
37.400984319999999 -122.051941690000007 -16.978477479999999 197.463999999999999 -6.143000000000000 -0.562000000000000 30853848010620.000000000000000
37.400982669999998 -122.051942290000000 -16.977279660000001 197.469999999999999 -6.145000000000000 -0.554000000000000 30853884342324.000000000000000
37.400981029999997 -122.051942890000007 -16.976182940000001 197.475999999999999 -6.144000000000000 -0.539000000000000 30853919911992.000000000000000
37.400979390000003 -122.051943480000006 -16.974969860000002 197.479999999999990 -6.138000000000000 -0.519000000000000 30853956016422.000000000000000
37.400977740000002 -122.051944079999998 -16.973863600000001 197.485000000000014 -6.125000000000000 -0.518000000000000 30853992278460.000000000000000
37.400976100000001 -122.051944680000005 -16.972833630000000 197.492999999999995 -6.122000000000000 -0.511000000000000 30854027965536.000000000000000
37.400974460000000 -122.051945279999998 -16.971736910000001 197.502000000000010 -6.120000000000000 -0.506000000000000 30854063922216.000000000000000
37.400972820000000 -122.051945880000005 -16.970563890000001 197.504999999999995 -6.116000000000000 -0.498000000000000 30854100112140.000000000000000
37.400971169999998 -122.051946479999998 -16.969644550000002 197.513000000000005 -6.104000000000000 -0.491000000000000 30854135907312.000000000000000
37.400969529999998 -122.051947080000005 -16.968648909999999 197.520999999999987 -6.092000000000000 -0.486000000000000 30854171852940.000000000000000
37.400967889999997 -122.051947679999998 -16.967744830000001 197.526999999999987 -6.081000000000000 -0.472000000000000 30854208144480.000000000000000
37.400966240000002 -122.051948280000005 -16.966583249999999 197.533999999999992 -6.065000000000000 -0.462000000000000 30854244141228.000000000000000
37.400964600000002 -122.051948879999998 -16.965557100000002 197.539999999999992 -6.051000000000000 -0.475000000000000 30854280438132.000000000000000
37.400962960000001 -122.051949480000005 -16.964532850000001 197.549000000000007 -6.044000000000000 -0.485000000000000 30854316110232.000000000000000
37.400961310000000 -122.051950090000005 -16.963573459999999 197.557999999999993 -6.042000000000000 -0.495000000000000 30854352274464.000000000000000
37.400959669999999 -122.051950689999998 -16.962373729999999 197.567000000000007 -6.036000000000000 -0.497000000000000 30854388498252.000000000000000
37.400958029999998 -122.051951290000005 -16.961124420000001 197.575999999999993 -6.020000000000000 -0.486000000000000 30854424217320.000000000000000
37.400956389999997 -122.051951889999998 -16.959947589999999 197.588999999999999 -6.007000000000000 -0.483000000000000 30854460137052.000000000000000
37.400954740000003 -122.051952490000005 -16.958534239999999 197.598999999999990 -6.004000000000000 -0.489000000000000 30854495966148.000000000000000
37.400953100000002 -122.051953100000006 -16.957015989999999 197.610000000000014 -6.007000000000000 -0.502000000000000 30854532132240.000000000000000
37.400951460000002 -122.051953699999999 -16.955690380000000 197.621000000000009 -6.012000000000000 -0.514000000000000 30854568637692.000000000000000
37.400949820000001 -122.051954300000006 -16.953153610000001 197.634999999999991 -6.014000000000000 -0.522000000000000 30854603839164.000000000000000
37.400948169999999 -122.051954899999998 -16.951313020000001 197.643000000000001 -6.013000000000000 -0.517000000000000 30854639957376.000000000000000
37.400946529999999 -122.051955509999999 -16.949611659999999 197.655000000000001 -6.017000000000000 -0.520000000000000 30854675929092.000000000000000
37.400944889999998 -122.051956110000006 -16.946729659999999 197.664999999999992 -6.022000000000000 -0.526000000000000 30854711956620.000000000000000
37.400943249999997 -122.051956709999999 -16.944618230000000 197.675000000000011 -6.028000000000000 -0.534000000000000 30854748754920.000000000000000
37.400941609999997 -122.051957320000000 -16.942846299999999 197.688999999999993 -6.030000000000000 -0.536000000000000 30854784095796.000000000000000
37.400939970000003 -122.051957920000007 -16.940160750000000 197.701999999999998 -6.038000000000000 -0.519000000000000 30854820249192.000000000000000
37.400938320000002 -122.051958529999993 -16.938331600000001 197.711000000000013 -6.041000000000000 -0.510000000000000 30854856126552.000000000000000
37.400936680000001 -122.051959130000000 -16.936326980000000 197.723999999999990 -6.042000000000000 -0.516000000000000 30854892593640.000000000000000
37.400935040000000 -122.051959729999993 -16.933761600000000 197.736999999999995 -6.042000000000000 -0.537000000000000 30854927862360.000000000000000
37.400933400000000 -122.051960339999994 -16.932197570000000 197.746000000000009 -6.054000000000000 -0.552000000000000 30854963978412.000000000000000
37.400931759999999 -122.051960949999994 -16.930263520000000 197.758000000000010 -6.060000000000000 -0.555000000000000 30855000223668.000000000000000
37.400930119999998 -122.051961550000001 -16.927967070000001 197.770000000000010 -6.065000000000000 -0.549000000000000 30855036147024.000000000000000
37.400928469999997 -122.051962160000002 -16.926544190000001 197.781000000000006 -6.064000000000000 -0.535000000000000 30855072002160.000000000000000
37.400926830000003 -122.051962759999995 -16.925024029999999 197.790999999999997 -6.058000000000000 -0.529000000000000 30855108092964.000000000000000
37.400925190000002 -122.051963369999996 -16.922986980000001 197.800999999999988 -6.058000000000000 -0.522000000000000 30855143950044.000000000000000
37.400923550000002 -122.051963979999996 -16.921682359999998 197.812000000000012 -6.063000000000000 -0.529000000000000 30855179951724.000000000000000
37.400921910000001 -122.051964580000003 -16.920341489999998 197.824000000000012 -6.069000000000000 -0.536000000000000 30855216156036.000000000000000
37.400920270000000 -122.051965190000004 -16.919715879999998 197.832999999999998 -6.069000000000000 -0.549000000000000 30855251941744.000000000000000
37.400918630000000 -122.051965800000005 -16.918396000000001 197.843999999999994 -6.061000000000000 -0.551000000000000 30855288668856.000000000000000
37.400916979999998 -122.051966410000006 -16.917104720000001 197.854999999999990 -6.060000000000000 -0.545000000000000 30855324229908.000000000000000
37.400915349999998 -122.051967009999998 -16.916339870000002 197.864000000000004 -6.054000000000000 -0.540000000000000 30855360113424.000000000000000
37.400913699999997 -122.051967629999993 -16.914731979999999 197.872999999999990 -6.054000000000000 -0.543000000000000 30855396111600.000000000000000
37.400912060000003 -122.051968239999994 -16.913610460000001 197.883999999999986 -6.055000000000000 -0.550000000000000 30855431984208.000000000000000
37.400910420000002 -122.051968840000001 -16.912834170000000 197.893000000000001 -6.045000000000000 -0.545000000000000 30855467780744.000000000000000
37.400908780000002 -122.051969459999995 -16.911487579999999 197.902999999999992 -6.043000000000000 -0.540000000000000 30855503948496.000000000000000
37.400907140000001 -122.051970069999996 -16.909889220000000 197.914999999999992 -6.033000000000000 -0.543000000000000 30855540083232.000000000000000
37.400905500000000 -122.051970679999997 -16.909112929999999 197.924000000000007 -6.031000000000000 -0.557000000000000 30855575884308.000000000000000
37.400903860000000 -122.051971289999997 -16.907938000000001 197.933999999999997 -6.026000000000000 -0.569000000000000 30855612179940.000000000000000
37.400902219999999 -122.051971910000006 -16.906518940000002 197.938999999999993 -6.021000000000000 -0.574000000000000 30855648246420.000000000000000
37.400900579999998 -122.051972520000007 -16.905815120000000 197.949000000000012 -6.020000000000000 -0.581000000000000 30855684474252.000000000000000
37.400898939999998 -122.051973129999993 -16.904491419999999 197.960000000000008 -6.011000000000000 -0.587000000000000 30855719945836.000000000000000
37.400897290000003 -122.051973750000002 -16.903247830000002 197.969999999999999 -6.008000000000000 -0.592000000000000 30855755920092.000000000000000
37.400895650000002 -122.051974360000003 -16.902444840000001 197.977000000000004 -6.007000000000000 -0.596000000000000 30855792087576.000000000000000
37.400894010000002 -122.051974979999997 -16.900859830000002 197.991000000000014 -6.009000000000000 -0.600000000000000 30855827902956.000000000000000
37.400892370000001 -122.051975589999998 -16.899574280000000 197.997999999999990 -6.010000000000000 -0.598000000000000 30855863992416.000000000000000
37.400890730000000 -122.051976210000007 -16.898530959999999 198.007000000000005 -6.006000000000000 -0.587000000000000 30855900172764.000000000000000
37.400889090000000 -122.051976830000001 -16.896879200000001 198.014000000000010 -6.005000000000000 -0.580000000000000 30855935872920.000000000000000
37.400887439999998 -122.051977440000002 -16.895568850000000 198.021999999999991 -6.002000000000000 -0.568000000000000 30855971864276.000000000000000
37.400885799999998 -122.051978050000002 -16.894287110000000 198.033999999999992 -5.999000000000000 -0.558000000000000 30856008165528.000000000000000
37.400884159999997 -122.051978669999997 -16.892734529999998 198.039999999999992 -6.002000000000000 -0.559000000000000 30856043957532.000000000000000
37.400882510000002 -122.051979290000006 -16.891235349999999 198.049000000000007 -6.008000000000000 -0.563000000000000 30856080095532.000000000000000
37.400880870000002 -122.051979900000006 -16.889848709999999 198.056999999999988 -6.017000000000000 -0.577000000000000 30856116214344.000000000000000
37.400879220000000 -122.051980520000001 -16.888309480000000 198.066000000000003 -6.020000000000000 -0.572000000000000 30856152280644.000000000000000
37.400877580000000 -122.051981139999995 -16.886768340000000 198.074000000000012 -6.023000000000000 -0.553000000000000 30856188532788.000000000000000
37.400875929999998 -122.051981749999996 -16.885311130000002 198.080000000000013 -6.023000000000000 -0.550000000000000 30856224083472.000000000000000
37.400874289999997 -122.051982379999998 -16.883733750000001 198.086999999999989 -6.022000000000000 -0.548000000000000 30856260116556.000000000000000
37.400872649999997 -122.051983000000007 -16.882316589999999 198.093999999999994 -6.029000000000000 -0.546000000000000 30856295924004.000000000000000
37.400871000000002 -122.051983609999994 -16.880998609999999 198.100999999999999 -6.038000000000000 -0.539000000000000 30856332059820.000000000000000
37.400869360000002 -122.051984239999996 -16.879592899999999 198.108000000000004 -6.036000000000000 -0.532000000000000 30856368105168.000000000000000
37.400867710000000 -122.051984860000005 -16.878173830000001 198.113000000000000 -6.037000000000000 -0.525000000000000 30856403963628.000000000000000
37.400866069999999 -122.051985479999999 -16.877008440000001 198.120000000000005 -6.030000000000000 -0.517000000000000 30856439804112.000000000000000
37.400864419999998 -122.051986099999993 -16.875865940000001 198.120000000000005 -6.023000000000000 -0.512000000000000 30856476037404.000000000000000
37.400862779999997 -122.051986729999996 -16.874465940000000 198.126000000000005 -6.025000000000000 -0.510000000000000 30856512002796.000000000000000
37.400861130000003 -122.051987339999997 -16.873554230000000 198.128999999999991 -6.027000000000000 -0.501000000000000 30856548784920.000000000000000
37.400859480000001 -122.051987969999999 -16.872579569999999 198.132000000000005 -6.022000000000000 -0.492000000000000 30856584594756.000000000000000
37.400857840000000 -122.051988589999993 -16.871391299999999 198.135999999999996 -6.015000000000000 -0.475000000000000 30856619942736.000000000000000
37.400856189999999 -122.051989219999996 -16.870557789999999 198.139999999999986 -6.001000000000000 -0.467000000000000 30856656114972.000000000000000
37.400854539999997 -122.051989840000005 -16.869461059999999 198.141999999999996 -5.992000000000000 -0.467000000000000 30856691945412.000000000000000
37.400852899999997 -122.051990470000007 -16.868505480000000 198.145000000000010 -5.988000000000000 -0.470000000000000 30856727830572.000000000000000
37.400851250000002 -122.051991090000001 -16.867557529999999 198.147999999999996 -5.979000000000000 -0.467000000000000 30856763742375.000000000000000
37.400849600000001 -122.051991720000004 -16.866407389999999 198.149000000000001 -5.974000000000000 -0.455000000000000 30856799852592.000000000000000
37.400847960000000 -122.051992339999998 -16.865303040000001 198.151000000000010 -5.958000000000000 -0.440000000000000 30856836095136.000000000000000
37.400846309999999 -122.051992960000007 -16.864305500000000 198.151000000000010 -5.947000000000000 -0.427000000000000 30856872150024.000000000000000
37.400844659999997 -122.051993589999995 -16.863056180000001 198.152999999999992 -5.937000000000000 -0.425000000000000 30856908147816.000000000000000
37.400843010000003 -122.051994219999997 -16.861915589999999 198.153999999999996 -5.934000000000000 -0.428000000000000 30856943950032.000000000000000
37.400841370000002 -122.051994840000006 -16.860757830000001 198.157999999999987 -5.938000000000000 -0.427000000000000 30856979946792.000000000000000
37.400839720000000 -122.051995480000002 -16.859378809999999 198.153999999999996 -5.938000000000000 -0.420000000000000 30857015866048.000000000000000
37.400838069999999 -122.051996099999997 -16.858123780000000 198.157000000000011 -5.931000000000000 -0.407000000000000 30857053875276.000000000000000
37.400836419999997 -122.051996729999999 -16.856775280000001 198.157000000000011 -5.922000000000000 -0.398000000000000 30857088447784.000000000000000
37.400834770000003 -122.051997360000001 -16.855072020000001 198.152999999999992 -5.919000000000000 -0.402000000000000 30857123815152.000000000000000
37.400833120000001 -122.051997990000004 -16.853773120000000 198.155000000000001 -5.922000000000000 -0.407000000000000 30857160163392.000000000000000
37.400831470000000 -122.051998609999998 -16.852125170000001 198.152999999999992 -5.930000000000000 -0.413000000000000 30857195880072.000000000000000
37.400829829999999 -122.051999249999994 -16.850309370000002 198.151000000000010 -5.939000000000000 -0.406000000000000 30857232009888.000000000000000
37.400828179999998 -122.051999879999997 -16.848796839999999 198.147999999999996 -5.936000000000000 -0.382000000000000 30857267806383.000000000000000
37.400826530000003 -122.052000500000005 -16.847183229999999 198.146999999999991 -5.939000000000000 -0.364000000000000 30857303731028.000000000000000
37.400824880000002 -122.052001140000002 -16.845451350000001 198.145000000000010 -5.938000000000000 -0.354000000000000 30857340015720.000000000000000
37.400823230000000 -122.052001770000004 -16.843708039999999 198.141999999999996 -5.950000000000000 -0.357000000000000 30857375965764.000000000000000
37.400821569999998 -122.052002389999998 -16.839859010000001 198.137000000000000 -5.964000000000000 -0.367000000000000 30857412262332.000000000000000
37.400819920000004 -122.052003029999995 -16.838090900000001 198.138000000000005 -5.980000000000000 -0.368000000000000 30857448184584.000000000000000
37.400818270000002 -122.052003659999997 -16.836311340000002 198.132000000000005 -5.990000000000000 -0.365000000000000 30857484467964.000000000000000
37.400816620000001 -122.052004280000006 -16.832468030000001 198.128999999999991 -5.991000000000000 -0.352000000000000 30857519914848.000000000000000
37.400814959999998 -122.052004920000002 -16.830837249999998 198.125000000000000 -5.984000000000000 -0.334000000000000 30857556086784.000000000000000
37.400813309999997 -122.052005550000004 -16.829030990000000 198.121000000000009 -5.986000000000000 -0.319000000000000 30857592163068.000000000000000
37.400811660000002 -122.052006180000006 -16.825460430000000 198.119000000000000 -5.991000000000000 -0.315000000000000 30857628132108.000000000000000
37.400810000000000 -122.052006809999995 -16.823936459999999 198.116000000000014 -6.003000000000000 -0.314000000000000 30857664019644.000000000000000
37.400808349999998 -122.052007439999997 -16.822326660000002 198.111999999999995 -6.008000000000000 -0.317000000000000 30857699709093.000000000000000
37.400806690000003 -122.052008069999999 -16.819065089999999 198.106999999999999 -6.002000000000000 -0.316000000000000 30857735793024.000000000000000
37.400805040000002 -122.052008700000002 -16.817991259999999 198.104000000000013 -5.993000000000000 -0.309000000000000 30857772375516.000000000000000
37.400803390000000 -122.052009339999998 -16.816402440000001 198.098000000000013 -5.984000000000000 -0.299000000000000 30857808348255.000000000000000
37.400801729999998 -122.052009970000000 -16.813541409999999 198.096000000000004 -5.986000000000000 -0.290000000000000 30857844048492.000000000000000
37.400800070000003 -122.052010600000003 -16.812402729999999 198.096000000000004 -5.986000000000000 -0.300000000000000 30857879810572.000000000000000
37.400798420000001 -122.052011230000005 -16.811248780000000 198.092000000000013 -5.985000000000000 -0.310000000000000 30857916043824.000000000000000
37.400796759999999 -122.052011859999993 -16.808437349999998 198.087999999999994 -5.981000000000000 -0.318000000000000 30857952053964.000000000000000
37.400795100000003 -122.052012500000004 -16.807332989999999 198.086000000000013 -5.968000000000000 -0.310000000000000 30857988426000.000000000000000
37.400793450000002 -122.052013130000006 -16.806062699999998 198.082999999999998 -5.958000000000000 -0.305000000000000 30858023980668.000000000000000
37.400791779999999 -122.052013759999994 -16.803218840000000 198.081999999999994 -5.947000000000000 -0.297000000000000 30858059886252.000000000000000
37.400790129999997 -122.052014389999997 -16.801795960000000 198.080000000000013 -5.931000000000000 -0.298000000000000 30858095767356.000000000000000
37.400788470000002 -122.052015030000007 -16.800544739999999 198.074999999999989 -5.926000000000000 -0.308000000000000 30858131982456.000000000000000
37.400786810000000 -122.052015650000001 -16.797573090000000 198.069999999999993 -5.926000000000000 -0.317000000000000 30858168020232.000000000000000
37.400785149999997 -122.052016289999997 -16.796047210000001 198.068000000000012 -5.932000000000000 -0.320000000000000 30858203923500.000000000000000
37.400783500000003 -122.052016920000000 -16.794553759999999 198.066000000000003 -5.936000000000000 -0.300000000000000 30858240182496.000000000000000
37.400781840000000 -122.052017550000002 -16.791963580000001 198.063999999999993 -5.930000000000000 -0.271000000000000 30858276041652.000000000000000
37.400780179999998 -122.052018180000005 -16.790544510000000 198.066000000000003 -5.924000000000000 -0.250000000000000 30858311836440.000000000000000
37.400778520000003 -122.052018820000001 -16.788885120000000 198.062999999999988 -5.929000000000000 -0.257000000000000 30858348410532.000000000000000
37.400776860000001 -122.052019439999995 -16.786134720000000 198.058999999999997 -5.939000000000000 -0.273000000000000 30858384364764.000000000000000
37.400775199999998 -122.052020080000005 -16.784395220000000 198.056999999999988 -5.959000000000000 -0.293000000000000 30858419824776.000000000000000
37.400773549999997 -122.052020709999994 -16.783048630000000 198.052999999999997 -5.974000000000000 -0.294000000000000 30858456087456.000000000000000
37.400771890000001 -122.052021339999996 -16.780248640000000 198.050999999999988 -5.989000000000000 -0.264000000000000 30858492016692.000000000000000
37.400770229999999 -122.052021969999998 -16.777980800000002 198.050000000000011 -6.012000000000000 -0.232000000000000 30858527778524.000000000000000
37.400768569999997 -122.052022600000001 -16.776134490000000 198.046999999999997 -6.027000000000000 -0.211000000000000 30858563794596.000000000000000
37.400766910000002 -122.052023230000003 -16.772798540000000 198.044000000000011 -6.051000000000000 -0.202000000000000 30858599983632.000000000000000
37.400765249999999 -122.052023860000006 -16.770877840000001 198.039999999999992 -6.079000000000000 -0.186000000000000 30858635989464.000000000000000
37.400763589999997 -122.052024489999994 -16.768529890000000 198.040999999999997 -6.109000000000000 -0.135000000000000 30858672028668.000000000000000
37.400761930000002 -122.052025119999996 -16.765913009999998 198.037000000000006 -6.130000000000000 -0.055000000000000 30858708199932.000000000000000
37.400760259999998 -122.052025760000006 -16.764646530000000 198.034999999999997 -6.135000000000000 0.015000000000000 30858744091956.000000000000000
37.400758600000003 -122.052026389999995 -16.762727739999999 198.030000000000001 -6.131000000000000 0.047000000000000 30858779747232.000000000000000
37.400756940000001 -122.052027019999997 -16.760570529999999 198.027999999999992 -6.141000000000000 0.045000000000000 30858815979672.000000000000000
37.400755279999998 -122.052027649999999 -16.759445190000001 198.022999999999996 -6.169000000000000 0.019000000000000 30858852126528.000000000000000
37.400753620000003 -122.052028289999996 -16.758111950000000 198.024000000000001 -6.222000000000000 -0.004000000000000 30858888577428.000000000000000
37.400751950000000 -122.052028919999998 -16.756071089999999 198.022999999999996 -6.257000000000000 0.016000000000000 30858924133428.000000000000000
37.400750289999998 -122.052029550000000 -16.755060199999999 198.018000000000001 -6.269000000000000 0.059000000000000 30858960065424.000000000000000
37.400748630000002 -122.052030189999996 -16.754096980000000 198.014000000000010 -6.256000000000000 0.121000000000000 30858995878056.000000000000000
37.400746959999999 -122.052030810000005 -16.750307079999999 198.009999999999991 -6.241000000000000 0.183000000000000 30859031819652.000000000000000
37.400745290000003 -122.052031450000001 -16.750144960000000 198.007000000000005 -6.233000000000000 0.235000000000000 30859067780668.000000000000000
37.400743630000001 -122.052032089999997 -16.748971940000001 198.002999999999986 -6.241000000000000 0.247000000000000 30859104052764.000000000000000
37.400741949999997 -122.052032710000006 -16.745628360000001 198.000000000000000 -6.260000000000000 0.241000000000000 30859140079356.000000000000000
37.400740290000002 -122.052033350000002 -16.745552060000001 197.994000000000000 -6.265000000000000 0.231000000000000 30859175904384.000000000000000
37.400738619999998 -122.052033980000004 -16.745244979999999 197.991999999999990 -6.262000000000000 0.246000000000000 30859212058368.000000000000000
37.400736950000002 -122.052034610000007 -16.742275240000001 197.988000000000000 -6.244000000000000 0.282000000000000 30859248456156.000000000000000
37.400735279999999 -122.052035250000003 -16.742174150000000 197.981999999999999 -6.231000000000000 0.320000000000000 30859283979696.000000000000000
37.400733619999997 -122.052035889999999 -16.742225650000002 197.980999999999995 -6.205000000000000 0.348000000000000 30859319817852.000000000000000
37.400731940000000 -122.052036520000001 -16.739500050000000 197.973999999999990 -6.193000000000000 0.366000000000000 30859355867172.000000000000000
37.400730279999998 -122.052037159999998 -16.739431379999999 197.971000000000004 -6.177000000000000 0.369000000000000 30859392023208.000000000000000
37.400728610000002 -122.052037790000000 -16.739282610000000 197.971000000000004 -6.165000000000000 0.355000000000000 30859428124596.000000000000000
37.400726929999998 -122.052038420000002 -16.736429210000001 197.967999999999989 -6.158000000000000 0.343000000000000 30859463993844.000000000000000
37.400725270000002 -122.052039059999998 -16.736047740000000 197.966000000000008 -6.131000000000000 0.330000000000000 30859500088068.000000000000000
37.400723599999999 -122.052039699999995 -16.736022949999999 197.961999999999989 -6.113000000000000 0.334000000000000 30859535804292.000000000000000
37.400721920000002 -122.052040329999997 -16.733413700000000 197.965000000000003 -6.098000000000000 0.343000000000000 30859571858512.000000000000000
37.400720249999999 -122.052040969999993 -16.732648850000000 197.961999999999989 -6.081000000000000 0.353000000000000 30859608011964.000000000000000
37.400718580000003 -122.052041610000003 -16.732084270000001 197.961000000000013 -6.062000000000000 0.347000000000000 30859644137332.000000000000000
37.400716910000000 -122.052042240000006 -16.729074480000001 197.960000000000008 -6.047000000000000 0.323000000000000 30859679804892.000000000000000
37.400715239999997 -122.052042880000002 -16.727937699999998 197.957999999999998 -6.041000000000000 0.302000000000000 30859715823036.000000000000000
37.400713570000001 -122.052043519999998 -16.727012630000001 197.957999999999998 -6.033000000000000 0.280000000000000 30859752203736.000000000000000
37.400711889999997 -122.052044150000000 -16.723814010000002 197.960000000000008 -6.018000000000000 0.268000000000000 30859789839072.000000000000000
37.400710220000001 -122.052044789999997 -16.722459789999998 197.961999999999989 -6.002000000000000 0.266000000000000 30859824032552.000000000000000
37.400708549999997 -122.052045430000007 -16.721284870000002 197.962999999999994 -5.982000000000000 0.256000000000000 30859859984304.000000000000000
37.400706880000001 -122.052046059999995 -16.718030930000001 197.961999999999989 -5.965000000000000 0.247000000000000 30859895670156.000000000000000
37.400705199999997 -122.052046700000005 -16.716428759999999 197.966000000000008 -5.958000000000000 0.228000000000000 30859931962872.000000000000000
37.400703530000001 -122.052047329999994 -16.715173719999999 197.971000000000004 -5.941000000000000 0.214000000000000 30859968010872.000000000000000
37.400701849999997 -122.052047959999996 -16.711940769999998 197.973000000000013 -5.922000000000000 0.203000000000000 30860004187752.000000000000000
37.400700180000001 -122.052048600000006 -16.710710530000000 197.972000000000008 -5.890000000000000 0.202000000000000 30860040024696.000000000000000
37.400698509999998 -122.052049240000002 -16.709283830000000 197.978000000000009 -5.858000000000000 0.207000000000000 30860075809200.000000000000000
37.400696830000001 -122.052049870000005 -16.706296920000000 197.979999999999990 -5.831000000000000 0.186000000000000 30860111846940.000000000000000
37.400695149999997 -122.052050510000001 -16.704904559999999 197.980999999999995 -5.807000000000000 0.152000000000000 30860148533796.000000000000000
37.400693480000001 -122.052051140000003 -16.703758239999999 197.984000000000009 -5.789000000000000 0.110000000000000 30860184535404.000000000000000
37.400691799999997 -122.052051770000006 -16.700670240000001 197.989000000000004 -5.780000000000000 0.067000000000000 30860220132384.000000000000000
37.400690130000001 -122.052052410000002 -16.698999400000002 197.991000000000014 -5.761000000000000 0.038000000000000 30860255791740.000000000000000
37.400688449999997 -122.052053049999998 -16.697465900000001 197.997000000000014 -5.742000000000000 0.023000000000000 30860291987352.000000000000000
37.400686770000000 -122.052053680000000 -16.693950650000001 198.000000000000000 -5.726000000000000 0.007000000000000 30860327768232.000000000000000
37.400685090000003 -122.052054319999996 -16.691654209999999 198.002999999999986 -5.708000000000000 -0.024000000000000 30860363894844.000000000000000
37.400683420000000 -122.052054960000007 -16.690006260000001 198.007000000000005 -5.708000000000000 -0.054000000000000 30860399813460.000000000000000
37.400681740000003 -122.052055589999995 -16.687477110000000 198.008999999999986 -5.706000000000000 -0.084000000000000 30860436098316.000000000000000
37.400680070000000 -122.052056230000005 -16.684762950000000 198.009999999999991 -5.695000000000000 -0.106000000000000 30860472032184.000000000000000
37.400678390000003 -122.052056859999993 -16.682561870000001 198.008999999999986 -5.683000000000000 -0.120000000000000 30860508105924.000000000000000
37.400676709999999 -122.052057500000004 -16.679811480000001 198.013000000000005 -5.688000000000000 -0.133000000000000 30860543843496.000000000000000
37.400675040000003 -122.052058130000006 -16.676713939999999 198.014000000000010 -5.704000000000000 -0.155000000000000 30860579791128.000000000000000
37.400673359999999 -122.052058770000002 -16.674114230000001 198.013000000000005 -5.726000000000000 -0.182000000000000 30860615693008.000000000000000
37.400671690000003 -122.052059400000005 -16.670984270000002 198.019000000000005 -5.744000000000000 -0.206000000000000 30860652094308.000000000000000
37.400670009999999 -122.052060040000001 -16.667751310000000 198.019000000000005 -5.767000000000000 -0.215000000000000 30860688583440.000000000000000
37.400668330000002 -122.052060679999997 -16.664773940000000 198.020000000000010 -5.782000000000000 -0.216000000000000 30860723742060.000000000000000
37.400666649999998 -122.052061309999999 -16.661710740000000 198.018000000000001 -5.796000000000000 -0.211000000000000 30860759949720.000000000000000
37.400664970000001 -122.052061949999995 -16.658657070000000 198.020000000000010 -5.815000000000000 -0.219000000000000 30860795937960.000000000000000
37.400663299999998 -122.052062590000006 -16.655399320000001 198.020000000000010 -5.847000000000000 -0.247000000000000 30860831851704.000000000000000
37.400661620000001 -122.052063219999994 -16.652149200000000 198.021999999999991 -5.889000000000000 -0.284000000000000 30860867785504.000000000000000
37.400659939999997 -122.052063860000004 -16.648992539999998 198.021999999999991 -5.927000000000000 -0.326000000000000 30860903998152.000000000000000
37.400658260000000 -122.052064490000006 -16.646181110000001 198.021999999999991 -5.962000000000000 -0.334000000000000 30860939921004.000000000000000
37.400656580000003 -122.052065130000003 -16.643243790000000 198.022999999999996 -5.990000000000000 -0.318000000000000 30860975804616.000000000000000
37.400654899999999 -122.052065760000005 -16.640562060000001 198.025000000000006 -6.016000000000000 -0.293000000000000 30861012219576.000000000000000
37.400653220000002 -122.052066400000001 -16.637517930000001 198.022999999999996 -6.043000000000000 -0.266000000000000 30861048597600.000000000000000
37.400651539999998 -122.052067030000003 -16.634473799999999 198.018000000000001 -6.059000000000000 -0.250000000000000 30861083972160.000000000000000
37.400649860000001 -122.052067670000000 -16.632884980000000 198.020000000000010 -6.075000000000000 -0.238000000000000 30861119983083.000000000000000
37.400648179999997 -122.052068309999996 -16.630161290000000 198.016999999999996 -6.109000000000000 -0.234000000000000 30861155658784.000000000000000
37.400646490000000 -122.052068939999998 -16.627666470000001 198.016999999999996 -6.136000000000000 -0.252000000000000 30861191869020.000000000000000
37.400644810000003 -122.052069579999994 -16.626274110000001 198.014999999999986 -6.152000000000000 -0.268000000000000 30861227902896.000000000000000
37.400643129999999 -122.052070209999997 -16.624801640000001 198.014000000000010 -6.168000000000000 -0.277000000000000 30861264050784.000000000000000
37.400641440000001 -122.052070850000007 -16.622686389999998 198.013000000000005 -6.192000000000000 -0.273000000000000 30861300054240.000000000000000
37.400639759999997 -122.052071490000003 -16.621475220000001 198.013000000000005 -6.209000000000000 -0.256000000000000 30861335805960.000000000000000
37.400638080000000 -122.052072120000005 -16.620239260000002 198.010999999999996 -6.216000000000000 -0.243000000000000 30861371756036.000000000000000
37.400636390000003 -122.052072760000001 -16.618486399999998 198.008000000000010 -6.218000000000000 -0.231000000000000 30861407971884.000000000000000
37.400634699999998 -122.052073399999998 -16.617826460000000 198.004999999999995 -6.216000000000000 -0.232000000000000 30861443879108.000000000000000
37.400633020000001 -122.052074039999994 -16.616682050000001 198.006000000000000 -6.233000000000000 -0.235000000000000 30861479776308.000000000000000
37.400631330000003 -122.052074680000004 -16.615276340000001 198.003999999999991 -6.250000000000000 -0.240000000000000 30861515990208.000000000000000
37.400629649999999 -122.052075320000000 -16.614656449999998 198.003999999999991 -6.263000000000000 -0.234000000000000 30861551776320.000000000000000
37.400627960000001 -122.052075959999996 -16.614006040000000 197.997999999999990 -6.265000000000000 -0.220000000000000 30861588555828.000000000000000
37.400626279999997 -122.052076589999999 -16.612777710000000 197.992999999999995 -6.262000000000000 -0.197000000000000 30861623848224.000000000000000
37.400624590000000 -122.052077229999995 -16.612520220000000 197.989000000000004 -6.257000000000000 -0.168000000000000 30861659710048.000000000000000
37.400622900000002 -122.052077870000005 -16.611877440000001 197.983000000000004 -6.253000000000000 -0.138000000000000 30861695856624.000000000000000
37.400621219999998 -122.052078519999995 -16.614818570000001 197.974999999999994 -6.252000000000000 -0.129000000000000 30861732153864.000000000000000
37.400619530000000 -122.052079160000005 -16.614307400000001 197.968999999999994 -6.263000000000000 -0.124000000000000 30861767780004.000000000000000
37.400617850000003 -122.052079800000001 -16.613954540000002 197.962999999999994 -6.267000000000000 -0.127000000000000 30861803812116.000000000000000
37.400616169999999 -122.052080439999997 -16.616636280000002 197.955000000000013 -6.266000000000000 -0.116000000000000 30861839969940.000000000000000
37.400614480000002 -122.052081079999994 -16.616367340000000 197.949999999999989 -6.260000000000000 -0.083000000000000 30861875779248.000000000000000
37.400612789999997 -122.052081729999998 -16.615674970000001 197.944999999999993 -6.256000000000000 -0.046000000000000 30861912287296.000000000000000
37.400611110000000 -122.052082369999994 -16.618162160000001 197.938999999999993 -6.256000000000000 -0.023000000000000 30861948314472.000000000000000
37.400609420000002 -122.052083010000004 -16.617681500000000 197.936000000000007 -6.253000000000000 -0.018000000000000 30861983975796.000000000000000
37.400607729999997 -122.052083650000000 -16.617393490000001 197.924000000000007 -6.253000000000000 -0.013000000000000 30862019808444.000000000000000
37.400606050000000 -122.052084300000004 -16.619813919999999 197.913999999999987 -6.248000000000000 -0.006000000000000 30862055905500.000000000000000
37.400604360000003 -122.052084940000000 -16.619422910000001 197.905000000000001 -6.249000000000000 0.011000000000000 30862091962332.000000000000000
37.400602669999998 -122.052085590000004 -16.618846890000000 197.897999999999996 -6.252000000000000 0.035000000000000 30862127650620.000000000000000
37.400600980000000 -122.052086230000000 -16.621032710000001 197.889999999999986 -6.247000000000000 0.063000000000000 30862163836728.000000000000000
37.400599290000002 -122.052086869999997 -16.620458599999999 197.882000000000005 -6.241000000000000 0.087000000000000 30862200051816.000000000000000
37.400597599999998 -122.052087520000001 -16.619991299999999 197.872000000000014 -6.244000000000000 0.105000000000000 30862235636184.000000000000000
37.400595920000001 -122.052088159999997 -16.621990199999999 197.867999999999995 -6.246000000000000 0.112000000000000 30862271893140.000000000000000
37.400594220000002 -122.052088810000001 -16.621467590000002 197.856999999999999 -6.245000000000000 0.133000000000000 30862307967444.000000000000000
37.400592529999997 -122.052089449999997 -16.620845790000001 197.848999999999990 -6.233000000000000 0.153000000000000 30862343804244.000000000000000
37.400590850000000 -122.052090089999993 -16.622730260000001 197.842000000000013 -6.231000000000000 0.175000000000000 30862379745972.000000000000000
37.400589150000002 -122.052090739999997 -16.621984479999998 197.831999999999994 -6.221000000000000 0.177000000000000 30862415741296.000000000000000
37.400587459999997 -122.052091379999993 -16.621540069999998 197.824000000000012 -6.223000000000000 0.177000000000000 30862451832564.000000000000000
37.400585769999999 -122.052092029999997 -16.623298649999999 197.812999999999988 -6.210000000000000 0.182000000000000 30862488452532.000000000000000
37.400584080000002 -122.052092669999993 -16.622827529999999 197.808999999999997 -6.204000000000000 0.204000000000000 30862524045348.000000000000000
37.400582389999997 -122.052093310000004 -16.621828080000000 197.801999999999992 -6.185000000000000 0.222000000000000 30862559845212.000000000000000
37.400580699999999 -122.052093959999993 -16.623508449999999 197.796999999999997 -6.183000000000000 0.230000000000000 30862596079188.000000000000000
37.400579000000000 -122.052094600000004 -16.622922899999999 197.788999999999987 -6.173000000000000 0.228000000000000 30862631988012.000000000000000
37.400577310000003 -122.052095240000000 -16.622625350000000 197.782000000000011 -6.157000000000000 0.228000000000000 30862667703376.000000000000000
37.400575619999998 -122.052095890000004 -16.624263760000002 197.774000000000001 -6.144000000000000 0.226000000000000 30862703915280.000000000000000
37.400573919999999 -122.052096530000000 -16.623653409999999 197.769000000000005 -6.136000000000000 0.239000000000000 30862739780316.000000000000000
37.400572230000002 -122.052097169999996 -16.623142240000000 197.762000000000000 -6.120000000000000 0.243000000000000 30862775901192.000000000000000
