x
-1 1
1 -5.15417275470958 4.12585529041017
2 -5.174415610356134 4.601896485128482
3 -6.230872544701831 4.601045892997978
4 -6.247172624866312 4.599095240110087
5 -6.262568475918403 4.59619751271946
6 -6.277789606743131 4.592920810491941
7 -6.417949679343162 4.592608878405647
8 -6.421355439577384 4.59440059522832
9 -6.423934097162768 4.600797817408209
10 -6.427231349421574 4.426180638011024
11 -6.429065883150122 4.425930395168902
12 -6.430895150195011 4.425665471476811
13 -6.433401099385017 4.425364498555882
14 -6.435897344146598 4.750104846158643
15 -6.436236420898052 5.271566090822631
16 -6.438662863147482 5.821773422050182
17 -6.441084042412872 6.40657060482939
18 -6.442813564644642 7.021726267746849
19 -6.44380506296601 7.667672914790752
20 -6.445456315511842 8.347997505820112
21 0 14.99221720290956
22 0 14.99952745218831
23 0 14.94751909691098
24 8.303518244846625 14.0979190590612
25 7.541906932010953 13.27410911809831
26 4.828606727034646 12.52823383407646
27 4.428535719786257 12.12650887772134
28 4.252330547453031 11.93831281388725
29 4.08388827642158 11.03927924189837
30 3.92613019226639 10.72434179623032
31 3.651094382812554 9.6697644422905
32 3.315224446527238 9.274669813455789
33 2.852815106946013 8.865127766151456
34 2.406996933964435 8.440444329292257
35 1.453279274915826 6.295535461847611
36 1.18037561329005 5.594559067638461
37 0.9227700658723614 5.190661424418798
38 0.6681151490781743 4.953962125089107
39 0.367715060643962 4.696636358045819
40 0.001361165359258229 2.769907963113937
41 -9.935178151487492 14.51643667475804
42 -9.707178151487483 15.32843667475805
43 -11.33988456510451 17.37252709313304
44 -13.64875220229675 18.33252709313302
45 -12.14775220229674 19.34752709313307
46 -10.62375220229674 20.470527093133
47 -15.64180578177115 21.74952709313305
48 -14.23680578177115 23.24644350939911
49 -12.20669787567877 25.34144350939908
50 -10.98469787567876 27.5644435093991
51 -20.81334635574296 32.16106806200551
52 -19.34134635574298 34.5920680620055
53 -17.93634635574296 37.02506806200549
54 -24.87134635574296 39.66506806200553
55 -26.38034635574297 42.66106806200551
56 -24.02434635574298 45.7650680620055
57 -21.34734635574296 48.98706806200548
58 -13.79917815148752 52.2840680620055
59 -15.23588347039157 55.5150680620055
60 -18.59988347039155 58.60606806200551
