37.403392420000003 -122.051350159999998 -13.848217010000001 196.927999999999997 -6.451000000000000 -0.238000000000000 24717859365456.000000000000000
37.403391839999998 -122.051350319999997 -13.847718240000001 197.093999999999994 -6.452000000000000 -0.221000000000000 24717895394664.000000000000000
37.403391159999998 -122.051350639999995 -13.844516750000000 197.256000000000000 -6.462000000000000 -0.220000000000000 24717931423236.000000000000000
37.403390580000000 -122.051350819999996 -13.844492910000000 197.424000000000007 -6.478000000000000 -0.227000000000000 24717967797672.000000000000000
37.403390000000002 -122.051350990000003 -13.844404219999999 197.588999999999999 -6.486000000000000 -0.234000000000000 24718003616124.000000000000000
37.403389330000003 -122.051351310000001 -13.841479300000000 197.753999999999991 -6.492000000000000 -0.234000000000000 24718039368912.000000000000000
37.403388749999998 -122.051351499999996 -13.841451640000001 197.926999999999992 -6.490000000000000 -0.230000000000000 24718075625076.000000000000000
37.403388169999999 -122.051351679999996 -13.841393470000000 198.092999999999989 -6.487000000000000 -0.231000000000000 24718111618860.000000000000000
37.403387510000002 -122.051351990000001 -13.838572500000000 198.258000000000010 -6.486000000000000 -0.236000000000000 24718147310988.000000000000000
37.403386930000003 -122.051352190000003 -13.838541980000000 198.429000000000002 -6.484000000000000 -0.249000000000000 24718183848480.000000000000000
37.403386359999999 -122.051352370000004 -13.838473320000000 198.598999999999990 -6.483000000000000 -0.268000000000000 24718219802448.000000000000000
37.403385700000001 -122.051352690000002 -13.835722920000000 198.771999999999991 -6.478000000000000 -0.299000000000000 24718255553904.000000000000000
37.403385129999997 -122.051352890000004 -13.835453990000000 198.943000000000012 -6.477000000000000 -0.333000000000000 24718291642236.000000000000000
37.403384559999999 -122.051353079999998 -13.835309980000000 199.123999999999995 -6.474000000000000 -0.380000000000000 24718327572864.000000000000000
37.403383900000001 -122.051353399999996 -13.832400320000000 199.295999999999992 -6.479000000000000 -0.427000000000000 24718363412964.000000000000000
37.403383339999998 -122.051353599999999 -13.831869129999999 199.479000000000013 -6.489000000000000 -0.470000000000000 24718399535172.000000000000000
37.403382770000000 -122.051353789999993 -13.831690790000000 199.657000000000011 -6.490000000000000 -0.493000000000000 24718435636860.000000000000000
37.403382120000003 -122.051354130000007 -13.826329230000001 199.835000000000008 -6.489000000000000 -0.513000000000000 24718471304316.000000000000000
37.403381549999999 -122.051354329999995 -13.825941090000001 200.014999999999986 -6.488000000000000 -0.532000000000000 24718507649232.000000000000000
37.403380990000002 -122.051354529999998 -13.825604439999999 200.197000000000003 -6.480000000000000 -0.558000000000000 24718544192412.000000000000000
37.403380349999999 -122.051354860000004 -13.820600510000000 200.373999999999995 -6.484000000000000 -0.596000000000000 24718579916616.000000000000000
37.403379780000002 -122.051355070000000 -13.820353510000000 200.556000000000012 -6.492000000000000 -0.631000000000000 24718615573956.000000000000000
37.403379219999998 -122.051355279999996 -13.819976810000000 200.742999999999995 -6.497000000000000 -0.661000000000000 24718651670592.000000000000000
37.403378580000002 -122.051355610000002 -13.815250400000000 200.920999999999992 -6.508000000000000 -0.674000000000000 24718687468404.000000000000000
37.403378029999999 -122.051355819999998 -13.815025329999999 201.106999999999999 -6.511000000000000 -0.687000000000000 24718723612176.000000000000000
37.403377460000002 -122.051356029999994 -13.814797400000000 201.290999999999997 -6.516000000000000 -0.697000000000000 24718759398492.000000000000000
37.403376829999999 -122.051356360000000 -13.810373309999999 201.474999999999994 -6.521000000000000 -0.710000000000000 24718795436196.000000000000000
37.403376280000003 -122.051356580000004 -13.810171130000001 201.662000000000006 -6.534000000000000 -0.729000000000000 24718831697388.000000000000000
37.403375720000000 -122.051356799999994 -13.809917450000000 201.848000000000013 -6.541000000000000 -0.742000000000000 24718867626012.000000000000000
37.403375099999998 -122.051357130000000 -13.805596350000000 202.032999999999987 -6.546000000000000 -0.760000000000000 24718903494204.000000000000000
37.403374540000002 -122.051357350000004 -13.805294990000000 202.218999999999994 -6.549000000000000 -0.769000000000000 24718939790772.000000000000000
37.403373989999999 -122.051357580000001 -13.805079460000000 202.405000000000001 -6.550000000000000 -0.779000000000000 24718975599276.000000000000000
37.403373369999997 -122.051357909999993 -13.800926210000000 202.592999999999989 -6.553000000000000 -0.790000000000000 24719011664616.000000000000000
37.403372820000001 -122.051358140000005 -13.800643920000001 202.786000000000001 -6.553000000000000 -0.805000000000000 24719047552080.000000000000000
37.403372269999998 -122.051358370000003 -13.800281520000000 202.975999999999999 -6.556000000000000 -0.828000000000000 24719083678464.000000000000000
37.403371669999999 -122.051358719999996 -13.794186590000001 203.168000000000006 -6.562000000000000 -0.864000000000000 24719119810932.000000000000000
37.403371129999996 -122.051358960000002 -13.793904299999999 203.360000000000014 -6.569000000000000 -0.902000000000000 24719155942956.000000000000000
37.403370580000001 -122.051359199999993 -13.793733599999999 203.554000000000002 -6.572000000000000 -0.929000000000000 24719191584660.000000000000000
37.403369990000002 -122.051359550000001 -13.788167000000000 203.741000000000014 -6.571000000000000 -0.941000000000000 24719227532256.000000000000000
37.403369439999999 -122.051359790000006 -13.788382530000000 203.933999999999997 -6.567000000000000 -0.940000000000000 24719263758756.000000000000000
37.403368899999997 -122.051360040000006 -13.788064960000000 204.125000000000000 -6.563000000000000 -0.930000000000000 24719299429548.000000000000000
37.403368309999998 -122.051360389999999 -13.783192630000000 204.313999999999993 -6.560000000000000 -0.927000000000000 24719335543332.000000000000000
37.403367770000003 -122.051360639999999 -13.783701900000001 204.508000000000010 -6.563000000000000 -0.930000000000000 24719371518372.000000000000000
37.403367230000001 -122.051360889999998 -13.783803940000000 204.703000000000003 -6.565000000000000 -0.940000000000000 24719407622700.000000000000000
37.403366650000002 -122.051361240000006 -13.779203409999999 204.896999999999991 -6.572000000000000 -0.956000000000000 24719443521756.000000000000000
37.403366110000000 -122.051361490000005 -13.779448510000000 205.097000000000008 -6.573000000000000 -0.971000000000000 24719479554624.000000000000000
37.403365569999998 -122.051361740000004 -13.780015949999999 205.294999999999987 -6.568000000000000 -0.974000000000000 24719515966452.000000000000000
37.403364990000000 -122.051362100000006 -13.775423050000001 205.492999999999995 -6.559000000000000 -0.973000000000000 24719551456776.000000000000000
37.403364459999999 -122.051362359999999 -13.775418280000000 205.693000000000012 -6.548000000000000 -0.970000000000000 24719587671888.000000000000000
37.403363929999998 -122.051362620000006 -13.775683400000000 205.889999999999986 -6.535000000000000 -0.963000000000000 24719623558428.000000000000000
37.403363360000000 -122.051362970000000 -13.771208760000000 206.090000000000003 -6.521000000000000 -0.956000000000000 24719659443900.000000000000000
37.403362829999999 -122.051363240000001 -13.771183969999999 206.295999999999992 -6.508000000000000 -0.957000000000000 24719695527612.000000000000000
37.403362299999998 -122.051363510000002 -13.771154400000000 206.503999999999991 -6.495000000000000 -0.960000000000000 24719731527180.000000000000000
37.403361730000000 -122.051363859999995 -13.766819000000000 206.711999999999989 -6.496000000000000 -0.971000000000000 24719767604400.000000000000000
37.403361210000000 -122.051364129999996 -13.766759870000000 206.924000000000007 -6.488000000000000 -0.978000000000000 24719803459188.000000000000000
37.403360679999999 -122.051364399999997 -13.766814230000000 207.134999999999991 -6.474000000000000 -0.979000000000000 24719839494804.000000000000000
37.403360100000000 -122.051364730000003 -13.767590520000001 207.344999999999999 -6.462000000000000 -0.972000000000000 24719875448748.000000000000000
37.403359580000000 -122.051365009999998 -13.767683979999999 207.549000000000007 -6.444000000000000 -0.954000000000000 24719911235796.000000000000000
37.403359049999999 -122.051365290000007 -13.767673490000000 207.759999999999991 -6.429000000000000 -0.932000000000000 24719947653804.000000000000000
37.403358480000001 -122.051365619999999 -13.768601420000000 207.969999999999999 -6.414000000000000 -0.914000000000000 24719983962108.000000000000000
37.403357960000001 -122.051365899999993 -13.768950459999999 208.182999999999993 -6.395000000000000 -0.900000000000000 24720019620816.000000000000000
37.403357440000001 -122.051366180000002 -13.769051550000000 208.396999999999991 -6.380000000000000 -0.893000000000000 24720055565436.000000000000000
37.403356870000003 -122.051366520000002 -13.770070080000000 208.614000000000004 -6.361000000000000 -0.890000000000000 24720091600860.000000000000000
37.403356359999997 -122.051366810000005 -13.770494460000000 208.834000000000003 -6.342000000000000 -0.885000000000000 24720127471092.000000000000000
37.403355840000003 -122.051367099999993 -13.770860669999999 209.050999999999988 -6.322000000000000 -0.883000000000000 24720163640148.000000000000000
37.403355280000000 -122.051367440000007 -13.771987920000001 209.269000000000005 -6.297000000000000 -0.871000000000000 24720199472148.000000000000000
37.403354770000000 -122.051367740000003 -13.772569660000000 209.485000000000014 -6.272000000000000 -0.855000000000000 24720237650028.000000000000000
37.403354260000000 -122.051368030000006 -13.773058890000000 209.700999999999993 -6.245000000000000 -0.833000000000000 24720271595376.000000000000000
37.403353709999998 -122.051368370000006 -13.774410250000001 209.917000000000002 -6.209000000000000 -0.818000000000000 24720307512432.000000000000000
37.403353199999998 -122.051368679999996 -13.775285719999999 210.138000000000005 -6.183000000000000 -0.802000000000000 24720343776444.000000000000000
37.403352689999998 -122.051368969999999 -13.775872229999999 210.356999999999999 -6.149000000000000 -0.791000000000000 24720380123832.000000000000000
37.403352140000003 -122.051369320000006 -13.777309420000000 210.576999999999998 -6.119000000000000 -0.786000000000000 24720415472016.000000000000000
37.403351639999997 -122.051369640000004 -13.778025630000000 210.794999999999987 -6.093000000000000 -0.789000000000000 24720451534848.000000000000000
37.403351129999997 -122.051369940000001 -13.778895380000000 211.014999999999986 -6.067000000000000 -0.787000000000000 24720487535388.000000000000000
37.403350590000002 -122.051370300000002 -13.780274390000001 211.233000000000004 -6.031000000000000 -0.778000000000000 24720523492992.000000000000000
37.403350090000004 -122.051370620000000 -13.781184200000000 211.448000000000008 -5.985000000000000 -0.760000000000000 24720559702368.000000000000000
37.403349589999998 -122.051370930000004 -13.781824110000001 211.667000000000002 -5.942000000000000 -0.745000000000000 24720595385016.000000000000000
37.403349069999997 -122.051371309999993 -13.780660630000000 211.882000000000005 -5.908000000000000 -0.743000000000000 24720631490736.000000000000000
37.403348579999999 -122.051371630000006 -13.781401630000000 212.108000000000004 -5.885000000000000 -0.752000000000000 24720667423440.000000000000000
37.403348080000001 -122.051371950000004 -13.782224660000001 212.334000000000003 -5.861000000000000 -0.779000000000000 24720703567632.000000000000000
37.403347560000000 -122.051372340000000 -13.780941009999999 212.556999999999988 -5.845000000000000 -0.797000000000000 24720739470480.000000000000000
37.403347070000002 -122.051372670000006 -13.781458850000000 212.783999999999992 -5.816000000000000 -0.799000000000000 24720775506672.000000000000000
37.403346579999997 -122.051372990000004 -13.782208440000000 213.004999999999995 -5.784000000000000 -0.782000000000000 24720811491600.000000000000000
37.403346069999998 -122.051373380000001 -13.780865670000001 213.222000000000008 -5.746000000000000 -0.758000000000000 24720847448448.000000000000000
37.403345590000001 -122.051373709999993 -13.781378750000000 213.439999999999998 -5.712000000000000 -0.727000000000000 24720883520484.000000000000000
37.403345100000003 -122.051374039999999 -13.782055850000001 213.663000000000011 -5.672000000000000 -0.711000000000000 24720920085024.000000000000000
37.403344590000003 -122.051374429999996 -13.780936240000001 213.888000000000005 -5.645000000000000 -0.698000000000000 24720955789356.000000000000000
37.403344109999999 -122.051374769999995 -13.781479839999999 214.113000000000000 -5.628000000000000 -0.696000000000000 24720991743780.000000000000000
37.403343620000001 -122.051375109999995 -13.781985280000001 214.342000000000013 -5.608000000000000 -0.707000000000000 24721027652220.000000000000000
37.403343120000002 -122.051375500000006 -13.780611990000001 214.569999999999993 -5.600000000000000 -0.729000000000000 24721063423248.000000000000000
37.403342649999999 -122.051375849999999 -13.780666350000001 214.795999999999992 -5.594000000000000 -0.748000000000000 24721099508016.000000000000000
37.403342170000002 -122.051376189999999 -13.781143190000000 215.022999999999996 -5.585000000000000 -0.765000000000000 24721135525524.000000000000000
37.403341670000003 -122.051376590000004 -13.779522900000000 215.245000000000005 -5.576000000000000 -0.761000000000000 24721171457040.000000000000000
37.403341200000000 -122.051376939999997 -13.779269220000000 215.469999999999999 -5.566000000000000 -0.750000000000000 24721207528392.000000000000000
37.403340720000003 -122.051377299999999 -13.779241560000001 215.694999999999993 -5.558000000000000 -0.731000000000000 24721243213188.000000000000000
37.403340210000003 -122.051377639999998 -13.784942630000000 215.915999999999997 -5.556000000000000 -0.713000000000000 24721279536372.000000000000000
37.403339740000000 -122.051378000000000 -13.784216880000001 216.141999999999996 -5.562000000000000 -0.702000000000000 24721316229312.000000000000000
37.403339269999996 -122.051378360000001 -13.783789629999999 216.371000000000009 -5.569000000000000 -0.699000000000000 24721351448868.000000000000000
37.403338759999997 -122.051378709999994 -13.788647650000000 216.598999999999990 -5.576000000000000 -0.701000000000000 24721387488552.000000000000000
37.403338300000001 -122.051379080000004 -13.787466050000001 216.826999999999998 -5.588000000000000 -0.701000000000000 24721423782480.000000000000000
37.403337829999998 -122.051379429999997 -13.786656380000000 217.056000000000012 -5.599000000000000 -0.687000000000000 24721459361940.000000000000000
37.403337329999999 -122.051379800000007 -13.790957450000001 217.286000000000001 -5.614000000000000 -0.667000000000000 24721495451976.000000000000000
37.403336879999998 -122.051380170000002 -13.789489750000000 217.514000000000010 -5.629000000000000 -0.651000000000000 24721531478352.000000000000000
37.403336420000002 -122.051380530000003 -13.788377759999999 217.745000000000005 -5.640000000000000 -0.639000000000000 24721567302924.000000000000000
37.403335920000004 -122.051380899999998 -13.792339320000000 217.975999999999999 -5.643000000000000 -0.643000000000000 24721603529088.000000000000000
37.403335470000002 -122.051381280000001 -13.791177749999999 218.211999999999989 -5.651000000000000 -0.653000000000000 24721639492560.000000000000000
37.403335009999999 -122.051381649999996 -13.789561270000000 218.449999999999989 -5.666000000000000 -0.669000000000000 24721675341960.000000000000000
37.403334520000001 -122.051382020000005 -13.793481829999999 218.691000000000003 -5.687000000000000 -0.693000000000000 24721711496868.000000000000000
37.403334080000000 -122.051382399999994 -13.792464259999999 218.930000000000007 -5.704000000000000 -0.718000000000000 24721747443696.000000000000000
37.403333619999998 -122.051382779999997 -13.791207310000001 219.169999999999987 -5.724000000000000 -0.738000000000000 24721784051904.000000000000000
37.403333140000001 -122.051383160000000 -13.794922830000001 219.412000000000006 -5.744000000000000 -0.751000000000000 24721819852992.000000000000000
37.403332700000000 -122.051383540000003 -13.793812750000001 219.651999999999987 -5.760000000000000 -0.750000000000000 24721855697160.000000000000000
37.403332249999998 -122.051383920000006 -13.792888639999999 219.894000000000005 -5.769000000000000 -0.748000000000000 24721891406736.000000000000000
37.403331770000001 -122.051384310000003 -13.796525000000001 220.133000000000010 -5.772000000000000 -0.735000000000000 24721927409964.000000000000000
37.403331330000000 -122.051384700000000 -13.795619009999999 220.373999999999995 -5.778000000000000 -0.718000000000000 24721963622844.000000000000000
37.403330889999999 -122.051385080000003 -13.794463159999999 220.619000000000000 -5.790000000000000 -0.698000000000000 24721999499136.000000000000000
37.403330410000002 -122.051385470000000 -13.802458760000000 220.863000000000000 -5.802000000000000 -0.687000000000000 24722035427808.000000000000000
37.403329970000001 -122.051385859999996 -13.801362989999999 221.111999999999995 -5.814000000000000 -0.676000000000000 24722071369800.000000000000000
37.403329530000001 -122.051386249999993 -13.800503730000001 221.355999999999995 -5.825000000000000 -0.660000000000000 24722107521168.000000000000000
37.403329059999997 -122.051386640000004 -13.807833670000001 221.599999999999994 -5.838000000000000 -0.640000000000000 24722143464384.000000000000000
37.403328629999997 -122.051387050000002 -13.806232450000000 221.844999999999999 -5.853000000000000 -0.620000000000000 24722179921728.000000000000000
37.403328199999997 -122.051387439999999 -13.805068970000001 222.088999999999999 -5.869000000000000 -0.594000000000000 24722215284576.000000000000000
37.403327730000001 -122.051387840000004 -13.811517719999999 222.330000000000013 -5.884000000000000 -0.564000000000000 24722251159992.000000000000000
37.403327310000002 -122.051388250000002 -13.809665680000000 222.574999999999989 -5.897000000000000 -0.527000000000000 24722287659648.000000000000000
37.403326880000002 -122.051388650000007 -13.808013920000000 222.818000000000012 -5.908000000000000 -0.480000000000000 24722323459152.000000000000000
37.403326430000000 -122.051389060000005 -13.813996319999999 223.064999999999998 -5.916000000000000 -0.430000000000000 24722359489164.000000000000000
37.403326010000001 -122.051389470000004 -13.812505720000001 223.310000000000002 -5.921000000000000 -0.397000000000000 24722395483056.000000000000000
37.403325590000001 -122.051389880000002 -13.810807230000000 223.558999999999997 -5.924000000000000 -0.376000000000000 24722431501440.000000000000000
37.403325140000000 -122.051390290000001 -13.816867830000000 223.806000000000012 -5.932000000000000 -0.359000000000000 24722467314636.000000000000000
37.403324720000001 -122.051390710000007 -13.815695760000001 224.056000000000012 -5.940000000000000 -0.351000000000000 24722503459056.000000000000000
37.403324310000002 -122.051391129999999 -13.814275739999999 224.306000000000012 -5.943000000000000 -0.346000000000000 24722539819332.000000000000000
37.403323860000000 -122.051391550000005 -13.820345880000000 224.560000000000002 -5.939000000000000 -0.340000000000000 24722575426116.000000000000000
37.403323450000002 -122.051391969999997 -13.819724080000000 224.818999999999988 -5.926000000000000 -0.339000000000000 24722611500708.000000000000000
37.403323039999997 -122.051392390000004 -13.818696020000001 225.082999999999998 -5.909000000000000 -0.343000000000000 24722647462272.000000000000000
37.403322600000003 -122.051392809999996 -13.824934960000000 225.344999999999999 -5.893000000000000 -0.355000000000000 24722683196208.000000000000000
37.403322199999998 -122.051393239999996 -13.824274060000000 225.609000000000009 -5.882000000000000 -0.381000000000000 24722720184528.000000000000000
37.403321790000000 -122.051393669999996 -13.823884960000001 225.873999999999995 -5.872000000000000 -0.404000000000000 24722755624380.000000000000000
37.403321360000000 -122.051394110000004 -13.831273080000001 226.133999999999986 -5.855000000000000 -0.431000000000000 24722791284660.000000000000000
37.403320960000002 -122.051394540000004 -13.830692290000000 226.393000000000001 -5.824000000000000 -0.448000000000000 24722827448016.000000000000000
37.403320559999997 -122.051394979999998 -13.830288890000000 226.656000000000006 -5.785000000000000 -0.445000000000000 24722864119500.000000000000000
37.403320129999997 -122.051395420000006 -13.837679860000000 226.920999999999992 -5.742000000000000 -0.438000000000000 24722899345716.000000000000000
37.403319740000001 -122.051395860000000 -13.837830540000001 227.185000000000002 -5.695000000000000 -0.449000000000000 24722935490832.000000000000000
37.403319340000003 -122.051396299999993 -13.837142940000000 227.451999999999998 -5.658000000000000 -0.472000000000000 24722971506576.000000000000000
37.403318919999997 -122.051396749999995 -13.844612120000001 227.713999999999999 -5.630000000000000 -0.508000000000000 24723007332288.000000000000000
37.403318530000000 -122.051397199999997 -13.845032690000000 227.977000000000004 -5.587000000000000 -0.564000000000000 24723043515828.000000000000000
37.403318140000003 -122.051397640000005 -13.845203400000001 228.241999999999990 -5.546000000000000 -0.603000000000000 24723079488828.000000000000000
37.403317729999998 -122.051398090000006 -13.852751730000000 228.507000000000005 -5.497000000000000 -0.619000000000000 24723115357212.000000000000000
37.403317340000001 -122.051398539999994 -13.853770259999999 228.772999999999996 -5.450000000000000 -0.618000000000000 24723151879812.000000000000000
37.403316949999997 -122.051398989999996 -13.854128840000000 229.039999999999992 -5.394000000000000 -0.613000000000000 24723187482612.000000000000000
37.403316539999999 -122.051399450000005 -13.861840250000000 229.302999999999997 -5.340000000000000 -0.617000000000000 24723223329756.000000000000000
37.403316160000003 -122.051399910000001 -13.862978940000000 229.569999999999993 -5.294000000000000 -0.640000000000000 24723259508604.000000000000000
37.403315769999999 -122.051400360000002 -13.863785740000001 229.834000000000003 -5.257000000000000 -0.679000000000000 24723295412436.000000000000000
37.403315370000001 -122.051400819999998 -13.871097560000001 230.097000000000008 -5.227000000000000 -0.718000000000000 24723331425420.000000000000000
37.403314999999999 -122.051401279999993 -13.871805190000000 230.358000000000004 -5.202000000000000 -0.744000000000000 24723367462884.000000000000000
37.403314610000002 -122.051401740000003 -13.873012540000000 230.627000000000010 -5.173000000000000 -0.759000000000000 24723403478820.000000000000000
37.403314209999998 -122.051402179999997 -13.879590029999999 230.888000000000005 -5.137000000000000 -0.760000000000000 24723439369284.000000000000000
37.403313840000003 -122.051402650000000 -13.879951480000001 231.151000000000010 -5.106000000000000 -0.755000000000000 24723475622340.000000000000000
37.403313470000001 -122.051403109999995 -13.880687710000000 231.407000000000011 -5.076000000000000 -0.744000000000000 24723511461564.000000000000000
37.403313070000003 -122.051403559999997 -13.886745449999999 231.667000000000002 -5.050000000000000 -0.741000000000000 24723547407252.000000000000000
37.403312710000002 -122.051404030000000 -13.886857030000000 231.926999999999992 -5.026000000000000 -0.748000000000000 24723584228268.000000000000000
37.403312339999999 -122.051404500000004 -13.887211799999999 232.181999999999988 -5.003000000000000 -0.760000000000000 24723619507764.000000000000000
37.403311950000003 -122.051404950000006 -13.892581939999999 232.439999999999998 -4.988000000000000 -0.778000000000000 24723655440204.000000000000000
37.403311600000002 -122.051405430000003 -13.892163280000000 232.697000000000003 -4.974000000000000 -0.795000000000000 24723691360788.000000000000000
37.403311230000000 -122.051405910000000 -13.892219539999999 232.953000000000003 -4.963000000000000 -0.804000000000000 24723727313052.000000000000000
37.403310849999997 -122.051406369999995 -13.896921160000000 233.209000000000003 -4.950000000000000 -0.811000000000000 24723763366968.000000000000000
37.403310509999997 -122.051406860000000 -13.896110530000000 233.461999999999989 -4.944000000000000 -0.813000000000000 24723799552980.000000000000000
37.403310150000003 -122.051407339999997 -13.895653720000000 233.713999999999999 -4.941000000000000 -0.817000000000000 24723835523424.000000000000000
37.403309780000001 -122.051407800000007 -13.899743080000000 233.968999999999994 -4.944000000000000 -0.824000000000000 24723871378380.000000000000000
37.403309440000001 -122.051408300000006 -13.898663519999999 234.222000000000008 -4.952000000000000 -0.838000000000000 24723907469772.000000000000000
37.403309090000000 -122.051408780000003 -13.897861480000000 234.475999999999999 -4.962000000000000 -0.845000000000000 24723943444764.000000000000000
37.403308729999999 -122.051409250000006 -13.901493070000001 234.729999999999990 -4.960000000000000 -0.849000000000000 24723979883628.000000000000000
37.403308400000000 -122.051409750000005 -13.900296210000000 234.979999999999990 -4.970000000000000 -0.843000000000000 24724016111784.000000000000000
37.403308060000001 -122.051410239999996 -13.899107930000000 235.229000000000013 -4.976000000000000 -0.841000000000000 24724051462860.000000000000000
37.403307699999999 -122.051410720000007 -13.902327540000000 235.479999999999990 -4.986000000000000 -0.843000000000000 24724087470276.000000000000000
37.403307370000000 -122.051411220000006 -13.900877950000000 235.729999999999990 -4.997000000000000 -0.847000000000000 24724123392948.000000000000000
37.403307040000001 -122.051411720000004 -13.899655340000001 235.979000000000013 -5.011000000000000 -0.851000000000000 24724159459140.000000000000000
37.403306710000003 -122.051412220000003 -13.894387249999999 236.229000000000013 -5.024000000000000 -0.844000000000000 24724195319676.000000000000000
37.403306389999997 -122.051412729999996 -13.892959590000000 236.480999999999995 -5.037000000000000 -0.832000000000000 24724231295868.000000000000000
37.403306059999998 -122.051413229999994 -13.891425130000000 236.727000000000004 -5.044000000000000 -0.813000000000000 24724267435932.000000000000000
37.403305740000000 -122.051413740000001 -13.886366840000001 236.974999999999994 -5.058000000000000 -0.794000000000000 24724303371036.000000000000000
37.403305420000002 -122.051414249999993 -13.885056499999999 237.221000000000004 -5.073000000000000 -0.777000000000000 24724339223388.000000000000000
37.403305099999997 -122.051414750000006 -13.883624080000001 237.467000000000013 -5.090000000000000 -0.754000000000000 24724375423404.000000000000000
37.403304790000000 -122.051415259999999 -13.878815650000000 237.716000000000008 -5.110000000000000 -0.729000000000000 24724411296012.000000000000000
37.403304470000002 -122.051415779999999 -13.877476690000000 237.962999999999994 -5.129000000000000 -0.705000000000000 24724447430652.000000000000000
37.403304159999998 -122.051416290000006 -13.876225470000000 238.210000000000008 -5.147000000000000 -0.678000000000000 24724483400796.000000000000000
37.403303850000000 -122.051416799999998 -13.871629710000001 238.456999999999994 -5.166000000000000 -0.654000000000000 24724519839804.000000000000000
37.403303540000003 -122.051417319999999 -13.870394709999999 238.705999999999989 -5.180000000000000 -0.628000000000000 24724555478448.000000000000000
37.403303229999999 -122.051417830000005 -13.869072910000000 238.954000000000008 -5.198000000000000 -0.603000000000000 24724591497684.000000000000000
37.403302930000002 -122.051418360000000 -13.864745140000000 239.199000000000012 -5.213000000000000 -0.580000000000000 24724627315788.000000000000000
37.403302629999999 -122.051418880000000 -13.863567350000000 239.442000000000007 -5.227000000000000 -0.554000000000000 24724663366620.000000000000000
37.403302330000002 -122.051419400000000 -13.862323760000001 239.689999999999998 -5.240000000000000 -0.523000000000000 24724699432284.000000000000000
37.403302029999999 -122.051419920000001 -13.858210560000000 239.937999999999988 -5.251000000000000 -0.492000000000000 24724735330956.000000000000000
37.403301740000003 -122.051420449999995 -13.856955530000000 240.185000000000002 -5.261000000000000 -0.465000000000000 24724771358532.000000000000000
37.403301440000000 -122.051420969999995 -13.855710029999999 240.432999999999993 -5.271000000000000 -0.448000000000000 24724807480404.000000000000000
37.403301140000003 -122.051421480000002 -13.854551320000001 240.681000000000012 -5.285000000000000 -0.441000000000000 24724843402548.000000000000000
37.403300860000002 -122.051422009999996 -13.853056909999999 240.933999999999997 -5.303000000000000 -0.437000000000000 24724879982580.000000000000000
37.403300569999999 -122.051422540000004 -13.851799959999999 241.181000000000012 -5.316000000000000 -0.428000000000000 24724915871640.000000000000000
37.403300280000003 -122.051423060000005 -13.850375180000000 241.431000000000012 -5.327000000000000 -0.419000000000000 24724951360476.000000000000000
37.403300000000002 -122.051423589999999 -13.848722459999999 241.681000000000012 -5.330000000000000 -0.409000000000000 24724987290948.000000000000000
37.403299709999999 -122.051424119999993 -13.847275730000000 241.931999999999988 -5.340000000000000 -0.396000000000000 24725023485132.000000000000000
37.403299429999997 -122.051424650000001 -13.845816610000000 242.181999999999988 -5.345000000000000 -0.385000000000000 24725059384332.000000000000000
37.403299150000002 -122.051425190000003 -13.844268800000000 242.433999999999997 -5.351000000000000 -0.386000000000000 24725095401600.000000000000000
37.403298870000000 -122.051425719999997 -13.842566489999999 242.691000000000003 -5.361000000000000 -0.392000000000000 24725131306308.000000000000000
37.403298599999999 -122.051426250000006 -13.841141700000000 242.941000000000003 -5.371000000000000 -0.401000000000000 24725167139616.000000000000000
37.403298329999998 -122.051426789999994 -13.839552879999999 243.198000000000008 -5.383000000000000 -0.412000000000000 24725203437852.000000000000000
37.403298049999997 -122.051427329999996 -13.837984090000001 243.450999999999993 -5.393000000000000 -0.423000000000000 24725239174332.000000000000000
37.403297780000003 -122.051427860000004 -13.836506840000000 243.707999999999998 -5.395000000000000 -0.428000000000000 24725275313292.000000000000000
37.403297520000002 -122.051428400000006 -13.834952350000000 243.960000000000008 -5.397000000000000 -0.436000000000000 24725311418412.000000000000000
37.403297250000001 -122.051428939999994 -13.833363530000000 244.213999999999999 -5.397000000000000 -0.438000000000000 24725347398924.000000000000000
37.403296980000000 -122.051429479999996 -13.832028390000000 244.469999999999999 -5.400000000000000 -0.438000000000000 24725384000460.000000000000000
37.403296720000000 -122.051430030000006 -13.830593110000001 244.728000000000009 -5.396000000000000 -0.442000000000000 24725419475868.000000000000000
37.403296449999999 -122.051430569999994 -13.829029080000000 244.990000000000009 -5.394000000000000 -0.449000000000000 24725455448916.000000000000000
37.403296189999999 -122.051431120000004 -13.827785490000000 245.250000000000000 -5.391000000000000 -0.460000000000000 24725491266084.000000000000000
37.403295929999999 -122.051431669999999 -13.826485630000001 245.513000000000005 -5.381000000000000 -0.476000000000000 24725527438188.000000000000000
37.403295669999999 -122.051432219999995 -13.825002670000000 245.776999999999987 -5.378000000000000 -0.495000000000000 24725563300524.000000000000000
37.403295419999999 -122.051432759999997 -13.823849680000000 246.043000000000006 -5.375000000000000 -0.517000000000000 24725599336524.000000000000000
37.403295159999999 -122.051433320000001 -13.822634700000000 246.307999999999993 -5.373000000000000 -0.537000000000000 24725635329456.000000000000000
37.403294910000000 -122.051433880000005 -13.821361540000000 246.573000000000008 -5.370000000000000 -0.555000000000000 24725671447968.000000000000000
37.403294670000001 -122.051434459999996 -13.816892620000001 246.836000000000013 -5.357000000000000 -0.567000000000000 24725707358232.000000000000000
37.403294430000003 -122.051435029999993 -13.816079139999999 247.102000000000004 -5.340000000000000 -0.578000000000000 24725744121624.000000000000000
37.403294170000002 -122.051435589999997 -13.814844130000001 247.369000000000000 -5.318000000000000 -0.591000000000000 24725779991964.000000000000000
37.403293939999998 -122.051436179999996 -13.810970310000000 247.631000000000000 -5.297000000000000 -0.609000000000000 24725815323888.000000000000000
37.403293699999999 -122.051436749999993 -13.810666080000001 247.897999999999996 -5.275000000000000 -0.637000000000000 24725851411452.000000000000000
37.403293450000000 -122.051437320000005 -13.809943199999999 248.165999999999997 -5.247000000000000 -0.665000000000000 24725887154892.000000000000000
37.403293230000003 -122.051437910000004 -13.806716920000000 248.430000000000007 -5.227000000000000 -0.685000000000000 24725923343196.000000000000000
37.403292989999997 -122.051438489999995 -13.806773189999999 248.700999999999993 -5.206000000000000 -0.707000000000000 24725959415472.000000000000000
37.403292749999999 -122.051439060000007 -13.806560520000000 248.969999999999999 -5.184000000000000 -0.723000000000000 24725995398084.000000000000000
37.403292530000002 -122.051439660000000 -13.803807259999999 249.230999999999995 -5.161000000000000 -0.742000000000000 24726031334832.000000000000000
37.403292290000003 -122.051440249999999 -13.803936960000000 249.501000000000005 -5.137000000000000 -0.767000000000000 24726067384620.000000000000000
37.403292059999998 -122.051440830000004 -13.803913120000001 249.775000000000006 -5.117000000000000 -0.801000000000000 24726103354260.000000000000000
37.403291840000001 -122.051441429999997 -13.801239010000000 250.040999999999997 -5.101000000000000 -0.830000000000000 24726139758432.000000000000000
37.403291619999997 -122.051442030000004 -13.801162720000001 250.312000000000012 -5.087000000000000 -0.858000000000000 24726175587276.000000000000000
37.403291379999999 -122.051442609999995 -13.801388740000000 250.586999999999989 -5.066000000000000 -0.875000000000000 24726211335084.000000000000000
37.403291170000003 -122.051443219999996 -13.798810960000001 250.848999999999990 -5.045000000000000 -0.879000000000000 24726247350468.000000000000000
37.403290949999999 -122.051443820000003 -13.798845289999999 251.116999999999990 -5.022000000000000 -0.874000000000000 24726283368576.000000000000000
37.403290730000002 -122.051444410000002 -13.798830030000000 251.388000000000005 -4.998000000000000 -0.875000000000000 24726319336440.000000000000000
37.403290519999999 -122.051445020000003 -13.797964100000000 251.655000000000001 -4.982000000000000 -0.888000000000000 24726355731168.000000000000000
37.403290300000002 -122.051445619999996 -13.797902110000001 251.926999999999992 -4.974000000000000 -0.907000000000000 24726391456740.000000000000000
37.403290079999998 -122.051446220000003 -13.797942160000000 252.197000000000003 -4.968000000000000 -0.935000000000000 24726427368252.000000000000000
37.403289880000003 -122.051446839999997 -13.796902660000001 252.468999999999994 -4.963000000000000 -0.960000000000000 24726463133028.000000000000000
37.403289669999999 -122.051447449999998 -13.796469690000000 252.735000000000014 -4.954000000000000 -0.976000000000000 24726499376460.000000000000000
37.403289460000003 -122.051448050000005 -13.796290400000000 253.004999999999995 -4.943000000000000 -0.998000000000000 24726535224876.000000000000000
37.403289260000001 -122.051448669999999 -13.794947620000000 253.274000000000001 -4.934000000000000 -1.015000000000000 24726571360620.000000000000000
37.403289059999999 -122.051449289999994 -13.794281010000001 253.544000000000011 -4.927000000000000 -1.034000000000000 24726607576704.000000000000000
37.403288860000004 -122.051449899999994 -13.793781279999999 253.813999999999993 -4.924000000000000 -1.050000000000000 24726643274916.000000000000000
37.403288660000001 -122.051450529999997 -13.792343140000000 254.084000000000003 -4.919000000000000 -1.065000000000000 24726679339008.000000000000000
37.403288470000000 -122.051451150000005 -13.791422839999999 254.354000000000013 -4.918000000000000 -1.082000000000000 24726715780428.000000000000000
37.403288269999997 -122.051451770000000 -13.790802960000001 254.623999999999995 -4.917000000000000 -1.100000000000000 24726751916076.000000000000000
37.403288080000003 -122.051452400000002 -13.789233210000001 254.891999999999996 -4.922000000000000 -1.116000000000000 24726787304580.000000000000000
37.403287890000001 -122.051453030000005 -13.788226130000000 255.162000000000006 -4.932000000000000 -1.130000000000000 24726823380540.000000000000000
37.403287700000000 -122.051453649999999 -13.787249570000000 255.435000000000002 -4.941000000000000 -1.139000000000000 24726859286388.000000000000000
37.403287519999999 -122.051454289999995 -13.785467150000001 255.705999999999989 -4.950000000000000 -1.157000000000000 24726895290612.000000000000000
37.403287329999998 -122.051454919999998 -13.784220700000001 255.978000000000009 -4.958000000000000 -1.171000000000000 24726931163316.000000000000000
37.403287149999997 -122.051455550000000 -13.783197400000001 256.252000000000010 -4.964000000000000 -1.179000000000000 24726967374336.000000000000000
37.403286970000003 -122.051456200000004 -13.780400280000000 256.524999999999977 -4.970000000000000 -1.181000000000000 24727003296084.000000000000000
37.403286790000003 -122.051456840000000 -13.779152870000001 256.797000000000025 -4.980000000000000 -1.182000000000000 24727039642416.000000000000000
37.403286610000002 -122.051457470000003 -13.777894020000000 257.069000000000017 -4.979000000000000 -1.182000000000000 24727075644876.000000000000000
37.403286440000002 -122.051458120000007 -13.775199890000000 257.343999999999994 -4.986000000000000 -1.183000000000000 24727111136940.000000000000000
37.403286270000002 -122.051458769999996 -13.774010660000000 257.617000000000019 -4.996000000000000 -1.189000000000000 24727147322676.000000000000000
37.403286090000002 -122.051459410000007 -13.772750850000000 257.891999999999996 -5.001000000000000 -1.203000000000000 24727183878564.000000000000000
37.403285930000003 -122.051460070000005 -13.770071030000000 258.168000000000006 -5.011000000000000 -1.218000000000000 24727219646868.000000000000000
37.403285769999997 -122.051460719999994 -13.768603320000000 258.447000000000003 -5.024000000000000 -1.238000000000000 24727255403340.000000000000000
37.403285599999997 -122.051461360000005 -13.767415050000000 258.721999999999980 -5.037000000000000 -1.266000000000000 24727291367844.000000000000000
37.403285439999998 -122.051462029999996 -13.764456750000001 259.002999999999986 -5.049000000000000 -1.294000000000000 24727327222404.000000000000000
37.403285279999999 -122.051462680000000 -13.762642860000000 259.278000000000020 -5.057000000000000 -1.318000000000000 24727363144956.000000000000000
37.403285120000000 -122.051463330000004 -13.761184690000000 259.555999999999983 -5.061000000000000 -1.336000000000000 24727399322352.000000000000000
37.403284970000001 -122.051463999999996 -13.758216859999999 259.838000000000022 -5.065000000000000 -1.347000000000000 24727435272096.000000000000000
37.403284820000003 -122.051464659999994 -13.756463050000001 260.113999999999976 -5.065000000000000 -1.358000000000000 24727471470936.000000000000000
37.403284659999997 -122.051465320000005 -13.754624370000000 260.391999999999996 -5.072000000000000 -1.372000000000000 24727507388016.000000000000000
37.403284520000000 -122.051465989999997 -13.751800540000000 260.668999999999983 -5.083000000000000 -1.388000000000000 24727543650156.000000000000000
37.403284370000002 -122.051466660000003 -13.750179290000000 260.944000000000017 -5.097000000000000 -1.398000000000000 24727579840740.000000000000000
37.403284229999997 -122.051467320000000 -13.748471260000001 261.223000000000013 -5.114000000000000 -1.413000000000000 24727615382028.000000000000000
37.403284079999999 -122.051468000000000 -13.745774270000000 261.505999999999972 -5.134000000000000 -1.414000000000000 24727651214568.000000000000000
37.403283950000002 -122.051468670000006 -13.744305610000000 261.783999999999992 -5.153000000000000 -1.404000000000000 24727687757580.000000000000000
37.403283809999998 -122.051469339999997 -13.742751119999999 262.052999999999997 -5.172000000000000 -1.376000000000000 24727723377396.000000000000000
37.403283670000000 -122.051470019999996 -13.739814760000000 262.326999999999998 -5.189000000000000 -1.330000000000000 24727759174044.000000000000000
37.403283539999997 -122.051470690000002 -13.738750460000000 262.598999999999990 -5.212000000000000 -1.272000000000000 24727795405884.000000000000000
37.403283399999999 -122.051471370000002 -13.737354280000000 262.867000000000019 -5.232000000000000 -1.207000000000000 24727831380492.000000000000000
37.403283279999997 -122.051472050000001 -13.734797479999999 263.137000000000000 -5.252000000000000 -1.140000000000000 24727867311972.000000000000000
37.403283150000000 -122.051472739999994 -13.733807560000001 263.411000000000001 -5.270000000000000 -1.089000000000000 24727903508916.000000000000000
37.403283029999997 -122.051473410000000 -13.732766150000000 263.684000000000026 -5.297000000000000 -1.054000000000000 24727939308492.000000000000000
37.403282910000001 -122.051474099999993 -13.730170250000000 263.961999999999989 -5.324000000000000 -1.042000000000000 24727975268544.000000000000000
37.403282799999999 -122.051474790000000 -13.728852270000001 264.235000000000014 -5.350000000000000 -1.041000000000000 24728011107744.000000000000000
37.403282679999997 -122.051475479999993 -13.727802280000001 264.509000000000015 -5.369000000000000 -1.044000000000000 24728047384404.000000000000000
37.403282570000002 -122.051476170000001 -13.725227360000000 264.781000000000006 -5.382000000000000 -1.043000000000000 24728083279116.000000000000000
37.403282470000001 -122.051476870000002 -13.724080089999999 265.047000000000025 -5.388000000000000 -1.035000000000000 24728119851420.000000000000000
37.403282369999999 -122.051477559999995 -13.722632409999999 265.314999999999998 -5.403000000000000 -1.027000000000000 24728155526316.000000000000000
37.403282269999998 -122.051478259999996 -13.720224379999999 265.589999999999975 -5.419000000000000 -1.031000000000000 24728191300668.000000000000000
37.403282169999997 -122.051478959999997 -13.719127660000000 265.860000000000014 -5.436000000000000 -1.049000000000000 24728227310892.000000000000000
37.403282070000003 -122.051479659999998 -13.717961310000000 266.132999999999981 -5.462000000000000 -1.083000000000000 24728263273968.000000000000000
37.403281980000003 -122.051480359999999 -13.715663910000000 266.408000000000015 -5.487000000000000 -1.122000000000000 24728299400892.000000000000000
37.403281900000003 -122.051481069999994 -13.714513780000001 266.677000000000021 -5.505000000000000 -1.157000000000000 24728335364100.000000000000000
37.403281810000003 -122.051481769999995 -13.713440900000000 266.947000000000003 -5.522000000000000 -1.187000000000000 24728371345008.000000000000000
37.403281730000003 -122.051482480000004 -13.710226060000000 267.213000000000022 -5.537000000000000 -1.215000000000000 24728407163916.000000000000000
37.403281649999997 -122.051483189999999 -13.708989140000000 267.483000000000004 -5.554000000000000 -1.238000000000000 24728443316004.000000000000000
37.403281560000003 -122.051483890000000 -13.707876210000000 267.752000000000010 -5.570000000000000 -1.262000000000000 24728479785876.000000000000000
37.403281489999998 -122.051484610000003 -13.704799650000000 268.023000000000025 -5.587000000000000 -1.283000000000000 24728515747008.000000000000000
37.403281409999998 -122.051485319999998 -13.703748700000000 268.298000000000002 -5.598000000000000 -1.296000000000000 24728551319352.000000000000000
37.403281339999999 -122.051486030000007 -13.702464100000000 268.567999999999984 -5.613000000000000 -1.313000000000000 24728587271472.000000000000000
37.403281270000001 -122.051486749999995 -13.699588779999999 268.836000000000013 -5.623000000000000 -1.329000000000000 24728623277100.000000000000000
37.403281200000002 -122.051487469999998 -13.698620800000000 269.105000000000018 -5.630000000000000 -1.351000000000000 24728659132980.000000000000000
37.403281130000003 -122.051488180000007 -13.697614670000000 269.375000000000000 -5.639000000000000 -1.369000000000000 24728695313712.000000000000000
37.403281069999998 -122.051488899999995 -13.695022580000000 269.644000000000005 -5.653000000000000 -1.387000000000000 24728731207824.000000000000000
37.403281010000001 -122.051489630000006 -13.694272040000000 269.913000000000011 -5.667000000000000 -1.397000000000000 24728767461744.000000000000000
37.403280940000002 -122.051490349999995 -13.693323140000000 270.175999999999988 -5.675000000000000 -1.401000000000000 24728803384752.000000000000000
37.403280889999998 -122.051491080000005 -13.691137310000000 270.440999999999974 -5.678000000000000 -1.404000000000000 24728839279884.000000000000000
37.403280840000001 -122.051491810000002 -13.690770150000001 270.701999999999998 -5.685000000000000 -1.407000000000000 24728875317264.000000000000000
37.403280780000003 -122.051492530000004 -13.690035820000000 270.961999999999989 -5.691000000000000 -1.411000000000000 24728911127484.000000000000000
37.403280729999999 -122.051493260000001 -13.688198090000000 271.220000000000027 -5.695000000000000 -1.415000000000000 24728947238448.000000000000000
37.403280690000003 -122.051494000000005 -13.687989229999999 271.478999999999985 -5.701000000000000 -1.415000000000000 24728983517292.000000000000000
37.403280639999998 -122.051494730000002 -13.687674520000000 271.735999999999990 -5.701000000000000 -1.404000000000000 24729019246956.000000000000000
37.403280610000003 -122.051495470000006 -13.686112400000001 271.990000000000009 -5.703000000000000 -1.392000000000000 24729055223784.000000000000000
37.403280580000001 -122.051496209999996 -13.686112400000001 272.237000000000023 -5.706000000000000 -1.375000000000000 24729091012260.000000000000000
37.403280539999997 -122.051496940000007 -13.685976980000000 272.480000000000018 -5.702000000000000 -1.355000000000000 24729127329696.000000000000000
37.403280510000002 -122.051497679999997 -13.685686110000001 272.725999999999999 -5.703000000000000 -1.339000000000000 24729163300512.000000000000000
37.403280479999999 -122.051498420000001 -13.685954089999999 272.966999999999985 -5.701000000000000 -1.319000000000000 24729199427868.000000000000000
37.403280459999998 -122.051499170000000 -13.686041830000001 273.206999999999994 -5.702000000000000 -1.299000000000000 24729235246464.000000000000000
37.403280440000003 -122.051499910000004 -13.686079980000001 273.444999999999993 -5.698000000000000 -1.269000000000000 24729271308972.000000000000000
37.403280430000002 -122.051500660000002 -13.686902050000000 273.680999999999983 -5.688000000000000 -1.234000000000000 24729307319904.000000000000000
37.403280410000001 -122.051501410000000 -13.687444690000000 273.913000000000011 -5.667000000000000 -1.189000000000000 24729343838472.000000000000000
37.403280400000000 -122.051502150000005 -13.688267710000000 274.137000000000000 -5.642000000000000 -1.128000000000000 24729379999632.000000000000000
37.403280400000000 -122.051502909999996 -13.689849850000000 274.362000000000023 -5.623000000000000 -1.075000000000000 24729415201884.000000000000000
37.403280389999999 -122.051503659999995 -13.690596579999999 274.579999999999984 -5.620000000000000 -1.030000000000000 24729451296072.000000000000000
37.403280389999999 -122.051504420000001 -13.691555980000000 274.798000000000002 -5.624000000000000 -1.002000000000000 24729487252512.000000000000000
37.403280389999999 -122.051505169999999 -13.692494390000000 275.016000000000020 -5.633000000000000 -0.997000000000000 24729523200912.000000000000000
37.403280389999999 -122.051505930000005 -13.693645480000001 275.237000000000023 -5.648000000000000 -0.996000000000000 24729559058652.000000000000000
37.403280400000000 -122.051506680000003 -13.693943020000001 275.456000000000017 -5.668000000000000 -0.979000000000000 24729595234452.000000000000000
37.403280420000002 -122.051507450000003 -13.694039340000000 275.673999999999978 -5.675000000000000 -0.953000000000000 24729631541016.000000000000000
37.403280420000002 -122.051508200000001 -13.694925310000000 275.891999999999996 -5.669000000000000 -0.918000000000000 24729667283760.000000000000000
37.403280440000003 -122.051508960000007 -13.694734570000000 276.110999999999990 -5.659000000000000 -0.873000000000000 24729703245900.000000000000000
37.403280459999998 -122.051509730000006 -13.694733619999999 276.326000000000022 -5.646000000000000 -0.827000000000000 24729739936752.000000000000000
37.403280479999999 -122.051510489999998 -13.694709780000000 276.536999999999978 -5.643000000000000 -0.788000000000000 24729775315200.000000000000000
37.403280510000002 -122.051511259999998 -13.694260600000000 276.749000000000024 -5.629000000000000 -0.783000000000000 24729811009620.000000000000000
37.403280539999997 -122.051512029999998 -13.693972590000000 276.959000000000003 -5.617000000000000 -0.797000000000000 24729847249644.000000000000000
37.403280559999999 -122.051512799999998 -13.693895339999999 277.172000000000025 -5.613000000000000 -0.818000000000000 24729883080636.000000000000000
37.403280610000003 -122.051513569999997 -13.691168790000001 277.384000000000015 -5.629000000000000 -0.830000000000000 24729919458828.000000000000000
37.403280649999999 -122.051514350000005 -13.690610890000000 277.596000000000004 -5.647000000000000 -0.843000000000000 24729956015580.000000000000000
37.403280680000002 -122.051515120000005 -13.690425870000000 277.807999999999993 -5.658000000000000 -0.850000000000000 24729991282896.000000000000000
37.403280729999999 -122.051515910000006 -13.687685970000000 278.012000000000000 -5.660000000000000 -0.857000000000000 24730027191180.000000000000000
37.403280770000002 -122.051516690000000 -13.687317849999999 278.214999999999975 -5.659000000000000 -0.858000000000000 24730063496808.000000000000000
37.403280809999998 -122.051517459999999 -13.686723710000001 278.415000000000020 -5.660000000000000 -0.854000000000000 24730099266576.000000000000000
37.403280870000003 -122.051518250000001 -13.684162140000000 278.613000000000000 -5.667000000000000 -0.853000000000000 24730135344096.000000000000000
37.403280920000000 -122.051519029999994 -13.683697700000000 278.812000000000012 -5.673000000000000 -0.848000000000000 24730171336476.000000000000000
37.403280969999997 -122.051519810000002 -13.683272360000000 279.009000000000015 -5.678000000000000 -0.857000000000000 24730207067256.000000000000000
37.403281040000003 -122.051520609999997 -13.680774690000000 279.204999999999984 -5.682000000000000 -0.868000000000000 24730243227936.000000000000000
37.403281090000000 -122.051521390000005 -13.680241580000001 279.399000000000001 -5.687000000000000 -0.880000000000000 24730279817292.000000000000000
37.403281149999998 -122.051522180000006 -13.679681779999999 279.591999999999985 -5.708000000000000 -0.884000000000000 24730315664796.000000000000000
37.403281219999997 -122.051522969999994 -13.677092549999999 279.781999999999982 -5.725000000000000 -0.893000000000000 24730351306260.000000000000000
37.403281290000002 -122.051523770000003 -13.676208500000000 279.968000000000018 -5.739000000000000 -0.911000000000000 24730387260384.000000000000000
37.403281350000000 -122.051524560000004 -13.675595280000000 280.154999999999973 -5.749000000000000 -0.932000000000000 24730423079328.000000000000000
37.403281430000000 -122.051525350000006 -13.672898289999999 280.338999999999999 -5.756000000000000 -0.953000000000000 24730459057788.000000000000000
37.403281499999999 -122.051526150000001 -13.671927450000000 280.519999999999982 -5.765000000000000 -0.977000000000000 24730495417896.000000000000000
37.403281569999997 -122.051526940000002 -13.670986180000000 280.701999999999998 -5.776000000000000 -0.999000000000000 24730531012716.000000000000000
37.403281649999997 -122.051527710000002 -13.668700220000000 280.882000000000005 -5.786000000000000 -1.024000000000000 24730567797636.000000000000000
37.403281730000003 -122.051528509999997 -13.667675969999999 281.060999999999979 -5.799000000000000 -1.052000000000000 24730603271388.000000000000000
37.403281810000003 -122.051529310000006 -13.666757580000001 281.240999999999985 -5.806000000000000 -1.083000000000000 24730639246908.000000000000000
37.403281890000002 -122.051530080000006 -13.664551729999999 281.411000000000001 -5.820000000000000 -1.114000000000000 24730675114080.000000000000000
37.403281980000003 -122.051530889999995 -13.663574219999999 281.586000000000013 -5.836000000000000 -1.145000000000000 24730711272828.000000000000000
37.403282060000002 -122.051531690000004 -13.662557600000000 281.766000000000020 -5.848000000000000 -1.189000000000000 24730747183164.000000000000000
37.403282150000003 -122.051532460000004 -13.660401340000000 281.935999999999979 -5.865000000000000 -1.229000000000000 24730783485564.000000000000000
37.403282240000003 -122.051533269999993 -13.659416200000001 282.112000000000023 -5.880000000000000 -1.273000000000000 24730819666020.000000000000000
37.403282330000003 -122.051534079999996 -13.658473969999999 282.283000000000015 -5.892000000000000 -1.310000000000000 24730855220748.000000000000000
37.403282429999997 -122.051534860000004 -13.656383510000000 282.456999999999994 -5.908000000000000 -1.341000000000000 24730891212960.000000000000000
37.403282529999998 -122.051535670000007 -13.655420299999999 282.636000000000024 -5.917000000000000 -1.373000000000000 24730927485480.000000000000000
37.403282630000000 -122.051536479999996 -13.654442789999999 282.812000000000012 -5.925000000000000 -1.403000000000000 24730963269636.000000000000000
37.403282730000001 -122.051537269999997 -13.652489660000001 282.983999999999980 -5.939000000000000 -1.441000000000000 24730999217424.000000000000000
37.403282830000002 -122.051538080000000 -13.651572229999999 283.161000000000001 -5.954000000000000 -1.478000000000000 24731035251060.000000000000000
37.403282930000003 -122.051538890000003 -13.650588989999999 283.338999999999999 -5.972000000000000 -1.515000000000000 24731071266324.000000000000000
37.403283039999998 -122.051539680000005 -13.648698810000001 283.514000000000010 -5.990000000000000 -1.548000000000000 24731106983292.000000000000000
37.403283150000000 -122.051540500000002 -13.647752759999999 283.692000000000007 -6.006000000000000 -1.578000000000000 24731143770240.000000000000000
37.403283260000002 -122.051541310000005 -13.646811489999999 283.872999999999990 -6.026000000000000 -1.604000000000000 24731179831128.000000000000000
37.403283369999997 -122.051542110000000 -13.644966130000000 284.050000000000011 -6.044000000000000 -1.634000000000000 24731215177248.000000000000000
37.403283479999999 -122.051542920000003 -13.644043920000000 284.237000000000023 -6.065000000000000 -1.665000000000000 24731251231632.000000000000000
37.403283600000002 -122.051543740000000 -13.643077849999999 284.420000000000016 -6.089000000000000 -1.693000000000000 24731287232820.000000000000000
37.403283709999997 -122.051544539999995 -13.641309740000001 284.601999999999975 -6.105000000000000 -1.717000000000000 24731323191180.000000000000000
