37.403397179999999 -122.051335559999998 -17.295923230000000 194.478000000000009 -6.394000000000000 -0.486000000000000 18197541321984.000000000000000
37.403396749999999 -122.051335649999999 -17.295724870000001 194.667000000000002 -6.401000000000000 -0.505000000000000 18197577273420.000000000000000
37.403396309999998 -122.051335760000001 -17.295530320000001 194.852000000000004 -6.409000000000000 -0.515000000000000 18197613252888.000000000000000
37.403395889999999 -122.051335859999995 -17.295410159999999 195.042000000000002 -6.416000000000000 -0.524000000000000 18197649282312.000000000000000
37.403395459999999 -122.051335940000001 -17.295251850000000 195.228000000000009 -6.418000000000000 -0.534000000000000 18197685842616.000000000000000
37.403395029999999 -122.051336059999997 -17.295040130000000 195.411000000000001 -6.427000000000000 -0.545000000000000 18197721097692.000000000000000
37.403394599999999 -122.051336169999999 -17.294807429999999 195.598999999999990 -6.436000000000000 -0.564000000000000 18197757381564.000000000000000
37.403394179999999 -122.051336259999999 -17.294689179999999 195.788999999999987 -6.446000000000000 -0.582000000000000 18197793263160.000000000000000
37.403393739999999 -122.051336390000003 -17.294340129999998 195.972000000000008 -6.457000000000000 -0.601000000000000 18197829158328.000000000000000
37.403393319999999 -122.051336489999997 -17.293949130000001 196.163000000000011 -6.470000000000000 -0.618000000000000 18197865359088.000000000000000
37.403392900000000 -122.051336599999999 -17.293701169999999 196.354000000000013 -6.480000000000000 -0.637000000000000 18197901514296.000000000000000
37.403392470000000 -122.051336730000003 -17.293291090000000 196.542000000000002 -6.497000000000000 -0.660000000000000 18197937669960.000000000000000
37.403392050000001 -122.051336840000005 -17.292821880000002 196.735000000000014 -6.512000000000000 -0.685000000000000 18197973347064.000000000000000
37.403391620000001 -122.051336950000007 -17.292413710000002 196.927999999999997 -6.524000000000000 -0.715000000000000 18198009307560.000000000000000
37.403391190000001 -122.051337079999996 -17.291934970000000 197.115000000000009 -6.539000000000000 -0.739000000000000 18198045237408.000000000000000
37.403390770000001 -122.051337200000006 -17.291471479999998 197.308999999999997 -6.552000000000000 -0.762000000000000 18198081242736.000000000000000
37.403390350000002 -122.051337309999994 -17.291080470000001 197.503999999999991 -6.563000000000000 -0.778000000000000 18198117307500.000000000000000
37.403389920000002 -122.051337450000005 -17.290725710000000 197.694999999999993 -6.574000000000000 -0.785000000000000 18198152996700.000000000000000
37.403389509999997 -122.051337570000001 -17.290575029999999 197.888000000000005 -6.580000000000000 -0.786000000000000 18198189257868.000000000000000
37.403389089999997 -122.051337689999997 -17.290061949999998 198.079000000000008 -6.588000000000000 -0.779000000000000 18198225247992.000000000000000
37.403388659999997 -122.051337829999994 -17.289974210000000 198.270000000000010 -6.591000000000000 -0.774000000000000 18198261016176.000000000000000
37.403388239999998 -122.051337950000004 -17.290021899999999 198.467000000000013 -6.602000000000000 -0.771000000000000 18198297746616.000000000000000
37.403387819999999 -122.051338070000000 -17.289871219999998 198.665999999999997 -6.613000000000000 -0.768000000000000 18198333790056.000000000000000
37.403387389999999 -122.051338220000005 -17.288059230000002 198.856999999999999 -6.620000000000000 -0.757000000000000 18198369068508.000000000000000
37.403386980000001 -122.051338349999995 -17.288345339999999 199.050999999999988 -6.625000000000000 -0.739000000000000 18198405497580.000000000000000
37.403386560000001 -122.051338479999998 -17.288362500000002 199.247000000000014 -6.624000000000000 -0.714000000000000 18198441302220.000000000000000
37.403386130000001 -122.051338630000004 -17.286788940000001 199.436000000000007 -6.626000000000000 -0.685000000000000 18198477209868.000000000000000
37.403385720000003 -122.051338770000001 -17.287078860000001 199.628999999999991 -6.632000000000000 -0.659000000000000 18198513305448.000000000000000
37.403385299999997 -122.051338900000005 -17.287309650000001 199.826999999999998 -6.632000000000000 -0.630000000000000 18198549291384.000000000000000
37.403384879999997 -122.051339060000004 -17.285818100000000 200.019000000000005 -6.637000000000000 -0.612000000000000 18198585211080.000000000000000
37.403384459999998 -122.051339200000001 -17.286026000000000 200.215000000000003 -6.638000000000000 -0.588000000000000 18198621324648.000000000000000
37.403384050000000 -122.051339339999998 -17.286348340000000 200.414999999999992 -6.642000000000000 -0.566000000000000 18198657303624.000000000000000
37.403383620000000 -122.051339510000005 -17.284881590000001 200.609000000000009 -6.643000000000000 -0.546000000000000 18198693207264.000000000000000
37.403383210000001 -122.051339659999996 -17.284997940000000 200.807999999999993 -6.645000000000000 -0.521000000000000 18198729325320.000000000000000
37.403382800000003 -122.051339799999994 -17.285217289999999 201.006000000000000 -6.639000000000000 -0.492000000000000 18198765446940.000000000000000
37.403382379999996 -122.051339970000001 -17.283742900000000 201.198000000000008 -6.636000000000000 -0.466000000000000 18198801801036.000000000000000
37.403381969999998 -122.051340130000000 -17.283828740000001 201.395000000000010 -6.633000000000000 -0.444000000000000 18198837504876.000000000000000
37.403381560000000 -122.051340280000005 -17.283977510000000 201.597000000000008 -6.631000000000000 -0.423000000000000 18198873344040.000000000000000
37.403381140000000 -122.051340449999998 -17.282587050000000 201.793000000000006 -6.631000000000000 -0.412000000000000 18198909131760.000000000000000
37.403380730000002 -122.051340609999997 -17.282688140000001 201.997000000000014 -6.639000000000000 -0.405000000000000 18198945400572.000000000000000
37.403380319999997 -122.051340769999996 -17.282781600000000 202.198000000000008 -6.646000000000000 -0.401000000000000 18198981270720.000000000000000
37.403379899999997 -122.051340949999997 -17.281433109999998 202.396999999999991 -6.652000000000000 -0.398000000000000 18199017190140.000000000000000
37.403379500000000 -122.051341120000004 -17.281530380000000 202.599999999999994 -6.655000000000000 -0.391000000000000 18199053191904.000000000000000
37.403379090000001 -122.051341280000003 -17.281654360000001 202.801999999999992 -6.653000000000000 -0.379000000000000 18199089269040.000000000000000
37.403378670000002 -122.051341469999997 -17.280435560000001 202.995000000000005 -6.652000000000000 -0.360000000000000 18199125238104.000000000000000
37.403378269999997 -122.051341640000004 -17.280694960000002 203.199000000000012 -6.647000000000000 -0.348000000000000 18199161535188.000000000000000
37.403377859999999 -122.051341800000003 -17.280784610000001 203.401000000000010 -6.645000000000000 -0.346000000000000 18199197819408.000000000000000
37.403377450000001 -122.051341989999997 -17.279731750000000 203.604999999999990 -6.642000000000000 -0.348000000000000 18199233229944.000000000000000
37.403377040000002 -122.051342169999998 -17.280014040000001 203.811000000000007 -6.643000000000000 -0.355000000000000 18199269442380.000000000000000
37.403376639999998 -122.051342340000005 -17.280241010000001 204.015999999999991 -6.647000000000000 -0.365000000000000 18199305271920.000000000000000
37.403376229999999 -122.051342529999999 -17.279296880000000 204.219999999999999 -6.649000000000000 -0.360000000000000 18199341240108.000000000000000
37.403375820000001 -122.051342710000000 -17.279685969999999 204.424000000000007 -6.647000000000000 -0.355000000000000 18199377118092.000000000000000
37.403375420000003 -122.051342880000007 -17.279905320000001 204.627000000000010 -6.643000000000000 -0.341000000000000 18199413307356.000000000000000
37.403375009999998 -122.051343079999995 -17.279064179999999 204.830000000000013 -6.646000000000000 -0.331000000000000 18199449238416.000000000000000
37.403374610000000 -122.051343259999996 -17.279357910000002 205.032999999999987 -6.651000000000000 -0.321000000000000 18199485346236.000000000000000
37.403374200000002 -122.051343439999997 -17.279747010000001 205.236999999999995 -6.659000000000000 -0.315000000000000 18199521384504.000000000000000
37.403373790000003 -122.051343650000007 -17.278902049999999 205.441000000000003 -6.664000000000000 -0.311000000000000 18199557228072.000000000000000
37.403373389999999 -122.051343829999993 -17.279085160000001 205.647999999999996 -6.671000000000000 -0.312000000000000 18199593097320.000000000000000
37.403372990000001 -122.051344020000002 -17.279397960000001 205.855999999999995 -6.673000000000000 -0.317000000000000 18199629256080.000000000000000
37.403372580000003 -122.051344229999998 -17.278558730000000 206.061000000000007 -6.675000000000000 -0.325000000000000 18199665243828.000000000000000
37.403372179999998 -122.051344420000007 -17.278684620000000 206.265999999999991 -6.676000000000000 -0.339000000000000 18199701414564.000000000000000
37.403371780000001 -122.051344610000001 -17.278905869999999 206.467999999999989 -6.674000000000000 -0.356000000000000 18199737842160.000000000000000
37.403371389999997 -122.051344790000002 -17.278102870000001 206.674000000000007 -6.671000000000000 -0.375000000000000 18199773191040.000000000000000
37.403370989999999 -122.051344990000004 -17.278205870000001 206.877999999999986 -6.667000000000000 -0.397000000000000 18199809260532.000000000000000
37.403370590000002 -122.051345190000006 -17.278413770000000 207.082999999999998 -6.665000000000000 -0.419000000000000 18199845284880.000000000000000
37.403370199999998 -122.051345380000001 -17.277702330000000 207.288000000000011 -6.662000000000000 -0.442000000000000 18199881199464.000000000000000
37.403369800000000 -122.051345580000003 -17.277933120000000 207.497000000000014 -6.656000000000000 -0.471000000000000 18199917302364.000000000000000
37.403369400000003 -122.051345789999999 -17.278028490000001 207.701999999999998 -6.658000000000000 -0.509000000000000 18199953264960.000000000000000
37.403369009999999 -122.051345979999994 -17.277441020000001 207.907999999999987 -6.653000000000000 -0.544000000000000 18199989322824.000000000000000
37.403368620000002 -122.051346190000004 -17.277736659999999 208.113000000000000 -6.643000000000000 -0.576000000000000 18200025231564.000000000000000
37.403368219999997 -122.051346390000006 -17.277976989999999 208.319999999999993 -6.636000000000000 -0.605000000000000 18200061281928.000000000000000
37.403367830000001 -122.051346589999994 -17.277462010000001 208.526000000000010 -6.629000000000000 -0.631000000000000 18200097373632.000000000000000
37.403367439999997 -122.051346809999998 -17.277641299999999 208.729999999999990 -6.625000000000000 -0.661000000000000 18200133717276.000000000000000
37.403367039999999 -122.051347019999994 -17.277997970000001 208.936000000000007 -6.616000000000000 -0.695000000000000 18200169215160.000000000000000
37.403366650000002 -122.051347219999997 -17.277402880000000 209.141999999999996 -6.608000000000000 -0.740000000000000 18200205187872.000000000000000
37.403366259999999 -122.051347440000001 -17.277477260000001 209.348999999999990 -6.605000000000000 -0.785000000000000 18200241231660.000000000000000
37.403365870000002 -122.051347660000005 -17.277593610000000 209.555000000000007 -6.592000000000000 -0.828000000000000 18200277274668.000000000000000
37.403365479999998 -122.051347870000001 -17.276920319999999 209.762000000000000 -6.579000000000000 -0.873000000000000 18200313213564.000000000000000
37.403365100000002 -122.051348090000005 -17.277135850000001 209.968999999999994 -6.559000000000000 -0.914000000000000 18200349231456.000000000000000
37.403364709999998 -122.051348309999995 -17.277120589999999 210.174000000000007 -6.540000000000000 -0.954000000000000 18200385248208.000000000000000
37.403364320000001 -122.051348529999999 -17.276609420000000 210.378999999999991 -6.526000000000000 -0.988000000000000 18200421160704.000000000000000
37.403363929999998 -122.051348759999996 -17.276645660000000 210.581999999999994 -6.514000000000000 -1.020000000000000 18200457221640.000000000000000
37.403363550000002 -122.051348980000000 -17.276887890000001 210.783999999999992 -6.500000000000000 -1.050000000000000 18200493280272.000000000000000
37.403363159999998 -122.051349200000004 -17.276351930000001 210.991000000000014 -6.489000000000000 -1.076000000000000 18200529188760.000000000000000
37.403362780000002 -122.051349439999996 -17.276412959999998 211.193000000000012 -6.480000000000000 -1.091000000000000 18200565615576.000000000000000
37.403362389999998 -122.051349669999993 -17.276498790000002 211.399000000000001 -6.477000000000000 -1.095000000000000 18200601743340.000000000000000
37.403362010000002 -122.051349889999997 -17.275943760000001 211.603000000000009 -6.473000000000000 -1.102000000000000 18200637168768.000000000000000
37.403361629999999 -122.051350130000003 -17.276197430000000 211.807999999999993 -6.461000000000000 -1.106000000000000 18200673227736.000000000000000
37.403361250000003 -122.051350369999994 -17.276304240000002 212.010999999999996 -6.456000000000000 -1.112000000000000 18200709241320.000000000000000
37.403360859999999 -122.051350600000006 -17.275985720000001 212.212999999999994 -6.452000000000000 -1.109000000000000 18200745232416.000000000000000
37.403360489999997 -122.051350839999998 -17.276283260000000 212.413000000000011 -6.447000000000000 -1.101000000000000 18200781003816.000000000000000
37.403360100000000 -122.051351080000003 -17.276613240000000 212.610000000000014 -6.439000000000000 -1.090000000000000 18200817194136.000000000000000
37.403359729999998 -122.051351319999995 -17.276466370000001 212.810000000000002 -6.434000000000000 -1.077000000000000 18200853219264.000000000000000
37.403359350000002 -122.051351569999994 -17.277017590000000 213.007000000000005 -6.427000000000000 -1.064000000000000 18200889285576.000000000000000
37.403358969999999 -122.051351819999994 -17.277290340000000 213.211999999999989 -6.425000000000000 -1.054000000000000 18200925206544.000000000000000
37.403358599999997 -122.051352059999999 -17.277296069999998 213.415999999999997 -6.422000000000000 -1.045000000000000 18200961310656.000000000000000
37.403358220000001 -122.051352320000007 -17.277801510000000 213.611999999999995 -6.417000000000000 -1.042000000000000 18200997276024.000000000000000
37.403357849999999 -122.051352570000006 -17.278322220000000 213.814999999999998 -6.411000000000000 -1.040000000000000 18201033195576.000000000000000
37.403357470000003 -122.051352820000005 -17.278337480000001 214.010999999999996 -6.402000000000000 -1.030000000000000 18201069164460.000000000000000
37.403357100000001 -122.051353079999998 -17.278827669999998 214.205999999999989 -6.390000000000000 -1.016000000000000 18201105178824.000000000000000
37.403356729999999 -122.051353340000006 -17.279302600000001 214.401000000000010 -6.371000000000000 -1.002000000000000 18201141242268.000000000000000
37.403356359999997 -122.051353599999999 -17.279342650000000 214.600999999999999 -6.354000000000000 -0.992000000000000 18201176965656.000000000000000
37.403355990000001 -122.051353870000000 -17.279857639999999 214.793000000000006 -6.341000000000000 -0.991000000000000 18201213084192.000000000000000
37.403355619999999 -122.051354130000007 -17.280353550000001 214.997000000000014 -6.330000000000000 -0.993000000000000 18201249071664.000000000000000
37.403355249999997 -122.051354390000000 -17.280519490000000 215.197000000000003 -6.323000000000000 -0.994000000000000 18201284935272.000000000000000
37.403354880000002 -122.051354669999995 -17.281341550000000 215.391999999999996 -6.314000000000000 -0.987000000000000 18201321291288.000000000000000
37.403354520000001 -122.051354939999996 -17.281961440000000 215.590000000000003 -6.297000000000000 -0.968000000000000 18201357205524.000000000000000
37.403354149999998 -122.051355200000003 -17.282442090000000 215.786000000000001 -6.275000000000000 -0.949000000000000 18201393288024.000000000000000
37.403353780000003 -122.051355479999998 -17.283620830000000 215.978000000000009 -6.250000000000000 -0.932000000000000 18201429329496.000000000000000
37.403353420000002 -122.051355760000007 -17.284492490000002 216.170999999999992 -6.226000000000000 -0.909000000000000 18201465234156.000000000000000
37.403353050000000 -122.051356029999994 -17.285326000000001 216.363000000000000 -6.205000000000000 -0.887000000000000 18201501606576.000000000000000
37.403352689999998 -122.051356310000003 -17.286611560000001 216.556999999999988 -6.182000000000000 -0.867000000000000 18201537726168.000000000000000
37.403352320000003 -122.051356589999997 -17.287715909999999 216.753999999999991 -6.158000000000000 -0.846000000000000 18201573408912.000000000000000
37.403351960000002 -122.051356859999999 -17.288534160000001 216.951999999999998 -6.144000000000000 -0.821000000000000 18201609185820.000000000000000
37.403351600000001 -122.051357139999993 -17.289583210000000 217.145999999999987 -6.122000000000000 -0.792000000000000 18201645305232.000000000000000
37.403351239999999 -122.051357420000002 -17.290870670000000 217.342999999999989 -6.109000000000000 -0.759000000000000 18201681204456.000000000000000
37.403350879999998 -122.051357699999997 -17.291419980000001 217.538000000000011 -6.090000000000000 -0.727000000000000 18201717161820.000000000000000
37.403350519999996 -122.051357990000000 -17.292093280000000 217.735000000000014 -6.072000000000000 -0.695000000000000 18201753242340.000000000000000
37.403350160000002 -122.051358280000002 -17.293085099999999 217.931000000000012 -6.050000000000000 -0.662000000000000 18201789198504.000000000000000
37.403349800000001 -122.051358559999997 -17.293363570000000 218.123999999999995 -6.029000000000000 -0.628000000000000 18201825128232.000000000000000
37.403349440000000 -122.051358850000000 -17.293771740000000 218.313999999999993 -6.013000000000000 -0.596000000000000 18201861431616.000000000000000
37.403349089999999 -122.051359140000002 -17.294374470000001 218.510999999999996 -6.001000000000000 -0.567000000000000 18201897839532.000000000000000
37.403348739999998 -122.051359360000006 -17.296005250000000 218.718999999999994 -5.989000000000000 -0.548000000000000 18201933258792.000000000000000
37.403348389999998 -122.051359649999995 -17.296045299999999 218.914999999999992 -5.980000000000000 -0.532000000000000 18201969311280.000000000000000
37.403348029999997 -122.051359950000005 -17.296363830000001 219.113000000000000 -5.973000000000000 -0.520000000000000 18202005307800.000000000000000
37.403347689999997 -122.051360169999995 -17.297557829999999 219.318999999999988 -5.968000000000000 -0.505000000000000 18202041134448.000000000000000
37.403347340000003 -122.051360470000006 -17.297218319999999 219.514000000000010 -5.959000000000000 -0.495000000000000 18202077027096.000000000000000
37.403346990000003 -122.051360770000002 -17.297227860000000 219.709000000000003 -5.945000000000000 -0.485000000000000 18202112978508.000000000000000
37.403346650000003 -122.051361000000000 -17.298070910000000 219.908999999999992 -5.934000000000000 -0.484000000000000 18202148988144.000000000000000
37.403346310000003 -122.051361310000004 -17.297584530000002 220.100999999999999 -5.922000000000000 -0.490000000000000 18202185277224.000000000000000
37.403345960000003 -122.051361610000001 -17.297323230000000 220.296999999999997 -5.916000000000000 -0.495000000000000 18202221065268.000000000000000
37.403345620000003 -122.051361850000006 -17.298053740000000 220.497999999999990 -5.909000000000000 -0.506000000000000 18202257157776.000000000000000
37.403345280000003 -122.051362170000004 -17.297588350000002 220.693999999999988 -5.910000000000000 -0.521000000000000 18202293431928.000000000000000
37.403344930000003 -122.051362470000001 -17.297117230000001 220.884999999999991 -5.908000000000000 -0.530000000000000 18202329270144.000000000000000
37.403344599999997 -122.051362720000000 -17.297893519999999 221.081999999999994 -5.906000000000000 -0.546000000000000 18202365658248.000000000000000
37.403344259999997 -122.051363039999998 -17.297634120000001 221.272999999999996 -5.911000000000000 -0.554000000000000 18202401686904.000000000000000
37.403343919999998 -122.051363350000003 -17.297210690000000 221.457999999999998 -5.911000000000000 -0.559000000000000 18202437015504.000000000000000
37.403343579999998 -122.051363609999996 -17.298063280000001 221.652999999999992 -5.906000000000000 -0.568000000000000 18202473214380.000000000000000
37.403343249999999 -122.051363929999994 -17.297992709999999 221.840000000000003 -5.896000000000000 -0.572000000000000 18202509151476.000000000000000
37.403342899999998 -122.051364250000006 -17.297756199999998 222.026000000000010 -5.889000000000000 -0.577000000000000 18202545105372.000000000000000
37.403342570000000 -122.051364509999999 -17.298812869999999 222.218999999999994 -5.879000000000000 -0.583000000000000 18202581210408.000000000000000
37.403342240000001 -122.051364829999997 -17.298898699999999 222.411000000000001 -5.880000000000000 -0.591000000000000 18202617169692.000000000000000
37.403341900000001 -122.051365160000003 -17.298769000000000 222.605999999999995 -5.885000000000000 -0.608000000000000 18202653232440.000000000000000
37.403341570000002 -122.051365410000002 -17.300661089999998 222.812999999999988 -5.887000000000000 -0.634000000000000 18202689185148.000000000000000
37.403341240000003 -122.051365730000001 -17.300653459999999 223.004999999999995 -5.894000000000000 -0.662000000000000 18202725532236.000000000000000
37.403340900000003 -122.051366060000007 -17.300838469999999 223.203000000000003 -5.895000000000000 -0.680000000000000 18202761627240.000000000000000
37.403340579999998 -122.051366310000006 -17.302648540000000 223.403999999999996 -5.892000000000000 -0.689000000000000 18202797189336.000000000000000
37.403340249999999 -122.051366639999998 -17.302677150000001 223.597000000000008 -5.888000000000000 -0.676000000000000 18202833227256.000000000000000
37.403339910000000 -122.051366970000004 -17.302772520000001 223.790999999999997 -5.879000000000000 -0.670000000000000 18202869238776.000000000000000
37.403339590000002 -122.051367229999997 -17.304584500000001 223.992999999999995 -5.867000000000000 -0.669000000000000 18202905173448.000000000000000
37.403339260000003 -122.051367560000003 -17.304737090000000 224.193000000000012 -5.859000000000000 -0.675000000000000 18202941258888.000000000000000
37.403338929999997 -122.051367889999995 -17.304754259999999 224.395000000000010 -5.857000000000000 -0.682000000000000 18202977170064.000000000000000
37.403338609999999 -122.051368159999996 -17.306468960000000 224.604000000000013 -5.860000000000000 -0.701000000000000 18203012900676.000000000000000
37.403338280000000 -122.051368490000002 -17.306360240000000 224.806000000000012 -5.867000000000000 -0.710000000000000 18203049229392.000000000000000
37.403337950000001 -122.051368819999993 -17.306518550000000 225.002000000000010 -5.863000000000000 -0.709000000000000 18203085171648.000000000000000
37.403337630000003 -122.051369100000002 -17.307954790000000 225.209000000000003 -5.855000000000000 -0.694000000000000 18203121269736.000000000000000
37.403337309999998 -122.051369440000002 -17.307685849999999 225.407000000000011 -5.851000000000000 -0.675000000000000 18203157370272.000000000000000
37.403336979999999 -122.051369769999994 -17.307659149999999 225.604000000000013 -5.842000000000000 -0.650000000000000 18203193173424.000000000000000
37.403336670000002 -122.051370050000003 -17.308973309999999 225.812000000000012 -5.835000000000000 -0.641000000000000 18203229265440.000000000000000
37.403336340000003 -122.051370399999996 -17.308874130000000 226.014000000000010 -5.830000000000000 -0.636000000000000 18203265248616.000000000000000
37.403336019999998 -122.051370739999996 -17.308650969999999 226.212999999999994 -5.829000000000000 -0.628000000000000 18203301613644.000000000000000
37.403335710000000 -122.051371050000000 -17.309925079999999 226.421999999999997 -5.831000000000000 -0.621000000000000 18203337393456.000000000000000
37.403335390000002 -122.051371399999994 -17.309923170000001 226.617999999999995 -5.825000000000000 -0.604000000000000 18203373123084.000000000000000
37.403335060000003 -122.051371739999993 -17.309875490000000 226.811000000000007 -5.817000000000000 -0.578000000000000 18203409234288.000000000000000
37.403334749999999 -122.051372060000006 -17.311269759999998 227.008999999999986 -5.803000000000000 -0.544000000000000 18203444963508.000000000000000
37.403334440000002 -122.051372409999999 -17.311378479999998 227.204000000000008 -5.801000000000000 -0.512000000000000 18203481168384.000000000000000
37.403334119999997 -122.051372770000000 -17.311336520000001 227.402999999999992 -5.800000000000000 -0.493000000000000 18203517396744.000000000000000
37.403333809999999 -122.051373080000005 -17.312625890000000 227.610000000000014 -5.794000000000000 -0.491000000000000 18203553000672.000000000000000
37.403333500000002 -122.051373450000000 -17.312524799999998 227.810000000000002 -5.795000000000000 -0.497000000000000 18203589380808.000000000000000
37.403333179999997 -122.051373799999993 -17.312709810000001 228.010999999999996 -5.796000000000000 -0.493000000000000 18203625175932.000000000000000
37.403332880000001 -122.051374129999999 -17.313791280000000 228.211999999999989 -5.784000000000000 -0.473000000000000 18203661128088.000000000000000
37.403332570000003 -122.051374499999994 -17.313600539999999 228.407999999999987 -5.763000000000000 -0.444000000000000 18203697080688.000000000000000
37.403332259999999 -122.051374859999996 -17.313524250000000 228.600999999999999 -5.740000000000000 -0.410000000000000 18203733667692.000000000000000
37.403331960000003 -122.051375190000002 -17.314529420000000 228.802999999999997 -5.720000000000000 -0.380000000000000 18203769501576.000000000000000
37.403331649999998 -122.051375559999997 -17.314426420000000 229.002999999999986 -5.712000000000000 -0.361000000000000 18203805214488.000000000000000
37.403331340000001 -122.051375930000006 -17.314163210000000 229.200999999999993 -5.707000000000000 -0.349000000000000 18203841084456.000000000000000
37.403331039999998 -122.051376270000006 -17.315116880000001 229.407000000000011 -5.705000000000000 -0.342000000000000 18203877027168.000000000000000
37.403330740000001 -122.051376640000001 -17.314834590000000 229.609000000000009 -5.705000000000000 -0.332000000000000 18203913234696.000000000000000
37.403330439999998 -122.051377009999996 -17.314651489999999 229.812999999999988 -5.706000000000000 -0.315000000000000 18203949152028.000000000000000
37.403330130000001 -122.051377380000005 -17.316133499999999 230.014999999999986 -5.703000000000000 -0.300000000000000 18203985079680.000000000000000
37.403329829999997 -122.051377759999994 -17.315578460000001 230.216000000000008 -5.698000000000000 -0.281000000000000 18204021216024.000000000000000
37.403329530000001 -122.051378130000003 -17.315299990000000 230.418000000000006 -5.690000000000000 -0.262000000000000 18204057055092.000000000000000
37.403329229999997 -122.051378499999998 -17.316442490000000 230.622999999999990 -5.678000000000000 -0.246000000000000 18204093168480.000000000000000
37.403328930000001 -122.051378880000001 -17.315719600000001 230.830000000000013 -5.671000000000000 -0.232000000000000 18204129190536.000000000000000
37.403328629999997 -122.051379260000004 -17.315179820000001 231.037000000000006 -5.667000000000000 -0.229000000000000 18204165247476.000000000000000
37.403328340000002 -122.051379639999993 -17.316169739999999 231.246000000000009 -5.660000000000000 -0.228000000000000 18204201694356.000000000000000
37.403328039999998 -122.051380019999996 -17.315504069999999 231.455999999999989 -5.654000000000000 -0.225000000000000 18204237271584.000000000000000
37.403327740000002 -122.051380409999993 -17.314662930000001 231.663000000000011 -5.649000000000000 -0.229000000000000 18204273210672.000000000000000
37.403327449999999 -122.051380789999996 -17.315582280000001 231.873999999999995 -5.643000000000000 -0.232000000000000 18204309144288.000000000000000
37.403327160000003 -122.051381180000007 -17.314914699999999 232.085000000000008 -5.638000000000000 -0.235000000000000 18204345102168.000000000000000
37.403326860000000 -122.051381559999996 -17.314188000000001 232.289999999999992 -5.628000000000000 -0.239000000000000 18204381177684.000000000000000
37.403326569999997 -122.051381939999999 -17.315109249999999 232.500000000000000 -5.623000000000000 -0.245000000000000 18204417114036.000000000000000
37.403326280000002 -122.051382340000004 -17.314451219999999 232.712999999999994 -5.617000000000000 -0.253000000000000 18204453105720.000000000000000
37.403325979999998 -122.051382730000000 -17.313764570000000 232.921999999999997 -5.605000000000000 -0.264000000000000 18204489054312.000000000000000
37.403325690000003 -122.051383110000003 -17.314607620000000 233.133999999999986 -5.594000000000000 -0.286000000000000 18204525074688.000000000000000
37.403325400000000 -122.051383509999994 -17.313968660000000 233.342000000000013 -5.586000000000000 -0.308000000000000 18204561632604.000000000000000
37.403325109999997 -122.051383909999998 -17.313348770000001 233.549000000000007 -5.572000000000000 -0.329000000000000 18204597865368.000000000000000
37.403324830000003 -122.051384299999995 -17.314231870000000 233.754999999999995 -5.556000000000000 -0.344000000000000 18204633165096.000000000000000
37.403324540000000 -122.051384700000000 -17.313842770000001 233.966000000000008 -5.536000000000000 -0.356000000000000 18204669207480.000000000000000
37.403324249999997 -122.051385100000005 -17.313222889999999 234.175000000000011 -5.514000000000000 -0.371000000000000 18204705155484.000000000000000
37.403323970000002 -122.051385490000001 -17.314313890000001 234.381000000000000 -5.497000000000000 -0.394000000000000 18204741117720.000000000000000
37.403323690000001 -122.051385900000000 -17.314224240000001 234.591000000000008 -5.481000000000000 -0.422000000000000 18204777035004.000000000000000
37.403323399999998 -122.051386300000004 -17.313833240000001 234.802999999999997 -5.466000000000000 -0.455000000000000 18204813152208.000000000000000
37.403323120000003 -122.051386699999995 -17.315002440000001 235.010999999999996 -5.452000000000000 -0.485000000000000 18204849166812.000000000000000
37.403322840000001 -122.051387109999993 -17.314790729999999 235.219999999999999 -5.439000000000000 -0.516000000000000 18204885053112.000000000000000
37.403322559999999 -122.051387509999998 -17.314825060000000 235.426999999999992 -5.428000000000000 -0.533000000000000 18204921035292.000000000000000
37.403322279999998 -122.051387919999996 -17.315910339999999 235.634999999999991 -5.408000000000000 -0.541000000000000 18204957115368.000000000000000
37.403322000000003 -122.051388329999995 -17.315839770000000 235.838999999999999 -5.388000000000000 -0.545000000000000 18204993119712.000000000000000
37.403321720000001 -122.051388739999993 -17.315708160000000 236.046999999999997 -5.371000000000000 -0.537000000000000 18205029141240.000000000000000
37.403321450000000 -122.051389150000006 -17.316932680000001 236.254999999999995 -5.357000000000000 -0.537000000000000 18205065129024.000000000000000
37.403321169999998 -122.051389569999998 -17.317029949999998 236.459000000000003 -5.347000000000000 -0.542000000000000 18205101560916.000000000000000
37.403320899999997 -122.051389979999996 -17.316972730000000 236.663999999999987 -5.343000000000000 -0.546000000000000 18205137534696.000000000000000
37.403320630000003 -122.051390389999995 -17.318258289999999 236.869000000000000 -5.337000000000000 -0.547000000000000 18205173139056.000000000000000
37.403320360000002 -122.051390810000001 -17.318454740000000 237.070999999999998 -5.330000000000000 -0.538000000000000 18205208994288.000000000000000
37.403320080000000 -122.051391229999993 -17.318601610000002 237.274000000000001 -5.320000000000000 -0.521000000000000 18205244950044.000000000000000
37.403319820000000 -122.051391649999999 -17.319986340000000 237.478000000000009 -5.307000000000000 -0.498000000000000 18205281082044.000000000000000
37.403319549999999 -122.051392079999999 -17.320371630000000 237.679000000000002 -5.302000000000000 -0.483000000000000 18205317284712.000000000000000
37.403319289999999 -122.051392500000006 -17.320571900000001 237.878999999999991 -5.300000000000000 -0.471000000000000 18205353089484.000000000000000
37.403319019999998 -122.051392919999998 -17.321905139999998 238.080000000000013 -5.295000000000000 -0.467000000000000 18205389182832.000000000000000
37.403318759999998 -122.051393360000006 -17.322128299999999 238.280000000000001 -5.293000000000000 -0.464000000000000 18205425165000.000000000000000
37.403318499999997 -122.051393790000006 -17.322488780000000 238.479000000000013 -5.291000000000000 -0.452000000000000 18205461091020.000000000000000
37.403318239999997 -122.051394209999998 -17.323713300000001 238.675000000000011 -5.290000000000000 -0.425000000000000 18205497492156.000000000000000
37.403317989999998 -122.051394650000006 -17.323991780000000 238.873999999999995 -5.281000000000000 -0.389000000000000 18205533547440.000000000000000
37.403317729999998 -122.051395090000000 -17.324113850000000 239.070999999999998 -5.274000000000000 -0.361000000000000 18205568919816.000000000000000
37.403317479999998 -122.051395520000000 -17.325275420000001 239.268000000000001 -5.268000000000000 -0.340000000000000 18205605102492.000000000000000
37.403317229999999 -122.051395959999994 -17.325464250000000 239.466000000000008 -5.267000000000000 -0.332000000000000 18205641154920.000000000000000
37.403316969999999 -122.051396400000002 -17.325681690000000 239.663000000000011 -5.270000000000000 -0.328000000000000 18205677124644.000000000000000
37.403316730000000 -122.051396839999995 -17.326763150000001 239.858000000000004 -5.272000000000000 -0.308000000000000 18205713070956.000000000000000
37.403316480000001 -122.051397289999997 -17.326927189999999 240.052999999999997 -5.268000000000000 -0.279000000000000 18205749295104.000000000000000
37.403316230000001 -122.051397730000005 -17.327123640000000 240.248999999999995 -5.256000000000000 -0.237000000000000 18205785182808.000000000000000
37.403315980000002 -122.051398169999999 -17.328250890000000 240.441000000000003 -5.254000000000000 -0.201000000000000 18205821081228.000000000000000
37.403315739999996 -122.051398620000001 -17.328514100000000 240.633999999999986 -5.252000000000000 -0.162000000000000 18205857160896.000000000000000
37.403315489999997 -122.051399070000002 -17.328718190000000 240.829000000000008 -5.254000000000000 -0.127000000000000 18205892945688.000000000000000
37.403315249999999 -122.051399520000004 -17.329792019999999 241.026000000000010 -5.257000000000000 -0.094000000000000 18205928951436.000000000000000
37.403315010000000 -122.051399970000006 -17.329904559999999 241.218999999999994 -5.255000000000000 -0.055000000000000 18205965527592.000000000000000
37.403314760000001 -122.051400419999993 -17.330226900000000 241.417000000000002 -5.250000000000000 -0.016000000000000 18206001530688.000000000000000
37.403314530000003 -122.051400869999995 -17.331146239999999 241.613000000000000 -5.244000000000000 0.020000000000000 18206037144312.000000000000000
37.403314289999997 -122.051401339999998 -17.331209179999998 241.806000000000012 -5.238000000000000 0.060000000000000 18206073124056.000000000000000
37.403314049999999 -122.051401790000000 -17.331352230000000 242.002999999999986 -5.233000000000000 0.095000000000000 18206108971248.000000000000000
37.403313810000000 -122.051402190000005 -17.334489820000002 242.207999999999998 -5.227000000000000 0.119000000000000 18206144925552.000000000000000
37.403313570000002 -122.051402659999994 -17.334445949999999 242.401999999999987 -5.218000000000000 0.150000000000000 18206181198648.000000000000000
37.403313330000003 -122.051403120000003 -17.334556580000001 242.597000000000008 -5.212000000000000 0.170000000000000 18206216786544.000000000000000
37.403313099999998 -122.051403530000002 -17.337467190000002 242.806000000000012 -5.208000000000000 0.186000000000000 18206253056160.000000000000000
37.403312870000001 -122.051404000000005 -17.337327960000000 243.008999999999986 -5.202000000000000 0.203000000000000 18206289145248.000000000000000
37.403312630000002 -122.051404469999994 -17.337226869999999 243.210000000000008 -5.199000000000000 0.215000000000000 18206325124140.000000000000000
37.403312399999997 -122.051404880000007 -17.339763640000001 243.417000000000002 -5.192000000000000 0.224000000000000 18206361415656.000000000000000
37.403312170000000 -122.051405360000004 -17.339273450000000 243.619000000000000 -5.182000000000000 0.237000000000000 18206397650688.000000000000000
37.403311930000001 -122.051405829999993 -17.339162829999999 243.820999999999998 -5.178000000000000 0.244000000000000 18206432870400.000000000000000
37.403311700000003 -122.051406249999999 -17.341308590000001 244.030000000000001 -5.171000000000000 0.251000000000000 18206468880420.000000000000000
37.403311469999998 -122.051406740000004 -17.340728760000001 244.235000000000014 -5.161000000000000 0.261000000000000 18206505056616.000000000000000
37.403311240000001 -122.051407209999994 -17.340272899999999 244.437000000000012 -5.150000000000000 0.269000000000000 18206541003300.000000000000000
37.403311019999997 -122.051407639999994 -17.342264180000001 244.645000000000010 -5.144000000000000 0.272000000000000 18206577102072.000000000000000
37.403310789999999 -122.051408129999999 -17.341548920000001 244.849999999999994 -5.139000000000000 0.267000000000000 18206613274896.000000000000000
37.403310560000001 -122.051408609999996 -17.340959550000001 245.052999999999997 -5.141000000000000 0.252000000000000 18206649089976.000000000000000
37.403310339999997 -122.051409050000004 -17.342681880000001 245.262000000000000 -5.139000000000000 0.238000000000000 18206684954376.000000000000000
37.403310110000000 -122.051409539999995 -17.341796880000000 245.467000000000013 -5.138000000000000 0.225000000000000 18206721145728.000000000000000
37.403309890000003 -122.051410030000000 -17.340986250000000 245.668000000000006 -5.138000000000000 0.221000000000000 18206757051288.000000000000000
37.403309669999999 -122.051410469999993 -17.342346190000001 245.872999999999990 -5.138000000000000 0.219000000000000 18206792962248.000000000000000
37.403309450000002 -122.051410970000006 -17.341243739999999 246.074000000000012 -5.140000000000000 0.213000000000000 18206829083988.000000000000000
37.403309229999998 -122.051411459999997 -17.340366360000001 246.276999999999987 -5.140000000000000 0.212000000000000 18206865038616.000000000000000
37.403309010000001 -122.051411920000007 -17.342491150000001 246.480999999999995 -5.139000000000000 0.212000000000000 18206901507048.000000000000000
37.403308789999997 -122.051412420000005 -17.341423030000001 246.683999999999997 -5.138000000000000 0.212000000000000 18206937450264.000000000000000
37.403308570000000 -122.051412920000004 -17.340314870000000 246.883000000000010 -5.143000000000000 0.208000000000000 18206973110328.000000000000000
37.403308350000003 -122.051413380000000 -17.342187880000001 247.085000000000008 -5.152000000000000 0.198000000000000 18207008996028.000000000000000
37.403308140000000 -122.051413879999998 -17.340978620000001 247.283999999999992 -5.158000000000000 0.183000000000000 18207045306912.000000000000000
37.403307929999997 -122.051414390000005 -17.339963910000002 247.481999999999999 -5.164000000000000 0.172000000000000 18207081040776.000000000000000
37.403307710000000 -122.051414859999994 -17.341644290000001 247.682999999999993 -5.173000000000000 0.168000000000000 18207116970624.000000000000000
37.403307499999997 -122.051415370000001 -17.340375900000002 247.883999999999986 -5.180000000000000 0.169000000000000 18207153070344.000000000000000
37.403307290000001 -122.051415879999993 -17.339149480000000 248.081999999999994 -5.185000000000000 0.173000000000000 18207189025560.000000000000000
37.403307079999998 -122.051416349999997 -17.340618129999999 248.282999999999987 -5.192000000000000 0.170000000000000 18207224987580.000000000000000
37.403306880000002 -122.051416869999997 -17.339324950000002 248.480999999999995 -5.193000000000000 0.164000000000000 18207261016860.000000000000000
37.403306669999999 -122.051417380000004 -17.337972640000000 248.677999999999997 -5.205000000000000 0.163000000000000 18207297062136.000000000000000
37.403306460000003 -122.051417860000001 -17.339282990000001 248.878999999999991 -5.213000000000000 0.159000000000000 18207333097944.000000000000000
37.403306260000001 -122.051418389999995 -17.337982180000001 249.078000000000003 -5.222000000000000 0.158000000000000 18207369677880.000000000000000
37.403306049999998 -122.051418909999995 -17.336711879999999 249.277999999999992 -5.231000000000000 0.157000000000000 18207405093012.000000000000000
37.403305850000002 -122.051419390000007 -17.337989810000000 249.479000000000013 -5.240000000000000 0.153000000000000 18207440944536.000000000000000
37.403305650000000 -122.051419920000001 -17.336837769999999 249.681000000000012 -5.251000000000000 0.150000000000000 18207477257484.000000000000000
37.403305449999998 -122.051420449999995 -17.335464479999999 249.877000000000010 -5.260000000000000 0.146000000000000 18207513021468.000000000000000
37.403305250000003 -122.051420940000000 -17.336664200000001 250.079000000000008 -5.269000000000000 0.142000000000000 18207548983188.000000000000000
37.403305050000000 -122.051421469999994 -17.335510249999999 250.281000000000006 -5.274000000000000 0.132000000000000 18207585022224.000000000000000
37.403304849999998 -122.051422000000002 -17.334342960000001 250.477000000000004 -5.278000000000000 0.133000000000000 18207621045000.000000000000000
37.403304660000003 -122.051422509999995 -17.334686280000000 250.680000000000007 -5.282000000000000 0.128000000000000 18207656926764.000000000000000
37.403304470000002 -122.051423049999997 -17.333559040000001 250.877999999999986 -5.288000000000000 0.127000000000000 18207692884680.000000000000000
37.403304270000000 -122.051423580000005 -17.332439420000000 251.079000000000008 -5.295000000000000 0.123000000000000 18207728903304.000000000000000
37.403304079999998 -122.051424089999998 -17.332750319999999 251.278999999999996 -5.306000000000000 0.117000000000000 18207765024636.000000000000000
37.403303889999997 -122.051424630000000 -17.331707000000002 251.478000000000009 -5.310000000000000 0.115000000000000 18207801628152.000000000000000
37.403303700000002 -122.051425170000002 -17.330595020000001 251.676999999999992 -5.316000000000000 0.115000000000000 18207837073320.000000000000000
37.403303510000001 -122.051425690000002 -17.330883029999999 251.878999999999991 -5.326000000000000 0.114000000000000 18207873050328.000000000000000
37.403303330000000 -122.051426239999998 -17.329841609999999 252.079000000000008 -5.332000000000000 0.109000000000000 18207909271836.000000000000000
37.403303139999998 -122.051426789999994 -17.328859330000000 252.280000000000001 -5.340000000000000 0.100000000000000 18207945059712.000000000000000
37.403302959999998 -122.051427309999994 -17.329113010000000 252.480999999999995 -5.344000000000000 0.092000000000000 18207980912976.000000000000000
37.403302779999997 -122.051427860000004 -17.328039170000000 252.683999999999997 -5.351000000000000 0.083000000000000 18208016874684.000000000000000
37.403302590000003 -122.051428410000000 -17.327009199999999 252.883000000000010 -5.353000000000000 0.069000000000000 18208053053532.000000000000000
37.403302410000002 -122.051428939999994 -17.327182770000000 253.091000000000008 -5.356000000000000 0.054000000000000 18208088921520.000000000000000
37.403302240000002 -122.051429499999998 -17.326057429999999 253.289999999999992 -5.357000000000000 0.041000000000000 18208125086808.000000000000000
37.403302050000001 -122.051430060000001 -17.324981690000001 253.492999999999995 -5.359000000000000 0.025000000000000 18208161060828.000000000000000
37.403301880000001 -122.051430589999995 -17.325065609999999 253.694999999999993 -5.361000000000000 0.010000000000000 18208197421740.000000000000000
37.403301710000001 -122.051431149999999 -17.324110030000000 253.901000000000010 -5.359000000000000 0.002000000000000 18208233587616.000000000000000
37.403301530000000 -122.051431719999997 -17.323116299999999 254.103000000000009 -5.356000000000000 -0.003000000000000 18208268954112.000000000000000
37.403301360000000 -122.051432259999999 -17.323497769999999 254.307999999999993 -5.346000000000000 -0.008000000000000 18208304976876.000000000000000
37.403301190000001 -122.051432829999996 -17.323070529999999 254.509999999999991 -5.333000000000000 -0.012000000000000 18208341123756.000000000000000
37.403301010000000 -122.051433390000000 -17.322086330000001 254.713999999999999 -5.318000000000000 -0.023000000000000 18208377017064.000000000000000
37.403300850000001 -122.051433939999995 -17.322849269999999 254.918000000000006 -5.306000000000000 -0.040000000000000 18208412957844.000000000000000
37.403300680000001 -122.051434520000001 -17.322780609999999 255.122000000000014 -5.292000000000000 -0.060000000000000 18208448975448.000000000000000
37.403300510000001 -122.051435089999998 -17.322368619999999 255.324999999999989 -5.281000000000000 -0.079000000000000 18208485051444.000000000000000
37.403300350000002 -122.051435639999994 -17.323404310000001 255.526000000000010 -5.267000000000000 -0.094000000000000 18208520987388.000000000000000
37.403300190000003 -122.051436219999999 -17.323537829999999 255.729999999999990 -5.255000000000000 -0.108000000000000 18208557060708.000000000000000
37.403300020000003 -122.051436800000005 -17.323495860000001 255.929000000000002 -5.238000000000000 -0.120000000000000 18208592837808.000000000000000
37.403299869999998 -122.051437359999994 -17.324550630000001 256.129000000000019 -5.225000000000000 -0.132000000000000 18208628988828.000000000000000
37.403299709999999 -122.051437949999993 -17.324613570000000 256.329999999999984 -5.210000000000000 -0.142000000000000 18208665017736.000000000000000
37.403299550000000 -122.051438529999999 -17.324632640000001 256.529999999999973 -5.195000000000000 -0.156000000000000 18208701496152.000000000000000
37.403299390000001 -122.051439090000002 -17.325559620000000 256.728999999999985 -5.184000000000000 -0.159000000000000 18208737471552.000000000000000
37.403299240000003 -122.051439680000001 -17.325445179999999 256.923000000000002 -5.171000000000000 -0.161000000000000 18208773264732.000000000000000
37.403299089999997 -122.051440270000001 -17.325544359999999 257.117000000000019 -5.155000000000000 -0.156000000000000 18208809039960.000000000000000
37.403298939999999 -122.051440839999998 -17.326423649999999 257.314999999999998 -5.139000000000000 -0.147000000000000 18208845019668.000000000000000
37.403298790000001 -122.051441440000005 -17.326362610000000 257.509999999999991 -5.127000000000000 -0.138000000000000 18208880890452.000000000000000
37.403298640000003 -122.051442030000004 -17.326246260000001 257.702999999999975 -5.117000000000000 -0.130000000000000 18208916808360.000000000000000
37.403298499999998 -122.051442609999995 -17.327020650000001 257.896000000000015 -5.110000000000000 -0.128000000000000 18208952943180.000000000000000
37.403298350000000 -122.051443210000002 -17.326818469999999 258.088000000000022 -5.105000000000000 -0.130000000000000 18208988811828.000000000000000
37.403298210000003 -122.051443809999995 -17.326734540000000 258.279999999999973 -5.103000000000000 -0.128000000000000 18209024982792.000000000000000
37.403298069999998 -122.051444390000000 -17.327245710000000 258.470000000000027 -5.102000000000000 -0.122000000000000 18209060929596.000000000000000
37.403297930000001 -122.051444989999993 -17.326772689999999 258.663000000000011 -5.101000000000000 -0.110000000000000 18209097032556.000000000000000
37.403297790000003 -122.051445590000000 -17.326543810000000 258.851999999999975 -5.101000000000000 -0.101000000000000 18209133335376.000000000000000
37.403297660000000 -122.051446220000003 -17.325920100000001 259.043000000000006 -5.098000000000000 -0.092000000000000 18209168933892.000000000000000
37.403297530000003 -122.051446830000003 -17.325345989999999 259.232000000000028 -5.100000000000000 -0.083000000000000 18209204943720.000000000000000
37.403297400000000 -122.051447429999996 -17.324823380000002 259.423999999999978 -5.100000000000000 -0.087000000000000 18209240895876.000000000000000
37.403297270000003 -122.051448059999998 -17.324089050000001 259.613000000000000 -5.102000000000000 -0.094000000000000 18209276778828.000000000000000
37.403297150000000 -122.051448669999999 -17.323392869999999 259.802999999999997 -5.106000000000000 -0.106000000000000 18209312859804.000000000000000
37.403297019999997 -122.051449280000000 -17.322782520000001 259.992000000000019 -5.106000000000000 -0.116000000000000 18209348891304.000000000000000
37.403296900000001 -122.051449910000002 -17.321949010000001 260.182000000000016 -5.110000000000000 -0.126000000000000 18209384726952.000000000000000
37.403296779999998 -122.051450529999997 -17.321069720000001 260.375000000000000 -5.111000000000000 -0.136000000000000 18209420801820.000000000000000
37.403296650000001 -122.051451150000005 -17.320383069999998 260.560000000000002 -5.112000000000000 -0.144000000000000 18209456805516.000000000000000
37.403296539999999 -122.051451779999994 -17.319442750000000 260.749000000000024 -5.112000000000000 -0.148000000000000 18209492749824.000000000000000
37.403296419999997 -122.051452400000002 -17.318603520000000 260.937000000000012 -5.116000000000000 -0.153000000000000 18209528925024.000000000000000
37.403296300000001 -122.051453019999997 -17.317794800000001 261.125999999999976 -5.118000000000000 -0.150000000000000 18209565056280.000000000000000
37.403296189999999 -122.051453660000007 -17.316934589999999 261.310999999999979 -5.121000000000000 -0.145000000000000 18209601349020.000000000000000
37.403296070000003 -122.051454280000002 -17.316143040000000 261.499000000000024 -5.130000000000000 -0.143000000000000 18209637047988.000000000000000
37.403295960000001 -122.051454910000004 -17.315286640000000 261.689999999999998 -5.146000000000000 -0.144000000000000 18209672838204.000000000000000
37.403295849999999 -122.051455550000000 -17.315135959999999 261.882999999999981 -5.162000000000000 -0.140000000000000 18209708870832.000000000000000
37.403295739999997 -122.051456180000002 -17.314147949999999 262.074000000000012 -5.175000000000000 -0.140000000000000 18209744824716.000000000000000
37.403295620000002 -122.051456810000005 -17.313285830000002 262.262000000000000 -5.186000000000000 -0.137000000000000 18209780752404.000000000000000
37.403295520000000 -122.051457450000001 -17.312959670000001 262.451999999999998 -5.198000000000000 -0.132000000000000 18209816813316.000000000000000
37.403295409999998 -122.051458089999997 -17.311876300000002 262.642999999999972 -5.213000000000000 -0.129000000000000 18209852774628.000000000000000
37.403295300000003 -122.051458719999999 -17.310871120000002 262.827999999999975 -5.227000000000000 -0.123000000000000 18209888865960.000000000000000
37.403295200000002 -122.051459370000003 -17.310470580000000 263.019000000000005 -5.245000000000000 -0.126000000000000 18209924744700.000000000000000
37.403295100000001 -122.051460010000000 -17.309354780000000 263.204999999999984 -5.263000000000000 -0.119000000000000 18209960817072.000000000000000
37.403294989999999 -122.051460640000002 -17.308242799999999 263.394000000000005 -5.277000000000000 -0.114000000000000 18209996925636.000000000000000
37.403294899999999 -122.051461300000000 -17.307708739999999 263.579999999999984 -5.296000000000000 -0.107000000000000 18210032760876.000000000000000
37.403294799999998 -122.051461939999996 -17.306432720000000 263.761000000000024 -5.319000000000000 -0.098000000000000 18210068985732.000000000000000
37.403294699999996 -122.051462580000006 -17.305347439999998 263.946000000000026 -5.340000000000000 -0.088000000000000 18210104804364.000000000000000
37.403294610000003 -122.051463240000004 -17.304750439999999 264.127999999999986 -5.358000000000000 -0.078000000000000 18210140813100.000000000000000
37.403294520000003 -122.051463889999994 -17.303459170000000 264.312000000000012 -5.383000000000000 -0.064000000000000 18210176786784.000000000000000
37.403294420000002 -122.051464530000004 -17.302200320000001 264.497000000000014 -5.406000000000000 -0.057000000000000 18210212807364.000000000000000
37.403294340000002 -122.051465190000002 -17.301473619999999 264.678999999999974 -5.436000000000000 -0.049000000000000 18210248693448.000000000000000
37.403294250000002 -122.051465840000006 -17.299980160000000 264.862000000000023 -5.462000000000000 -0.050000000000000 18210284800404.000000000000000
37.403294160000002 -122.051466489999996 -17.298704149999999 265.040999999999997 -5.490000000000000 -0.051000000000000 18210320952348.000000000000000
37.403294090000003 -122.051467160000001 -17.297752379999999 265.221999999999980 -5.515000000000000 -0.058000000000000 18210356723640.000000000000000
37.403294010000003 -122.051467810000005 -17.296119690000001 265.399999999999977 -5.540000000000000 -0.065000000000000 18210392792892.000000000000000
37.403293920000003 -122.051468470000003 -17.294681550000000 265.577999999999975 -5.557000000000000 -0.075000000000000 18210428810172.000000000000000
37.403293849999997 -122.051469139999995 -17.293706889999999 265.757999999999981 -5.578000000000000 -0.091000000000000 18210464745468.000000000000000
37.403293779999998 -122.051469800000007 -17.292249680000001 265.939999999999998 -5.595000000000000 -0.115000000000000 18210501457152.000000000000000
37.403293699999999 -122.051470460000004 -17.290567400000000 266.120999999999981 -5.611000000000000 -0.139000000000000 18210537124428.000000000000000
37.403293630000000 -122.051471129999996 -17.289714810000000 266.298999999999978 -5.626000000000000 -0.168000000000000 18210572650056.000000000000000
37.403293560000002 -122.051471789999994 -17.288587570000001 266.475999999999999 -5.630000000000000 -0.192000000000000 18210608819964.000000000000000
37.403293490000003 -122.051472459999999 -17.287282940000001 266.651000000000010 -5.635000000000000 -0.201000000000000 18210644809704.000000000000000
37.403293419999997 -122.051473130000005 -17.286838530000001 266.824999999999989 -5.641000000000000 -0.201000000000000 18210680608272.000000000000000
37.403293359999999 -122.051473799999997 -17.286132810000002 267.000999999999976 -5.641000000000000 -0.201000000000000 18210716887704.000000000000000
37.403293290000001 -122.051474470000002 -17.285058979999999 267.178999999999974 -5.642000000000000 -0.207000000000000 18210752770284.000000000000000
37.403293230000003 -122.051475150000002 -17.284984590000001 267.353999999999985 -5.645000000000000 -0.213000000000000 18210788788548.000000000000000
37.403293159999997 -122.051475819999993 -17.284584049999999 267.528999999999996 -5.649000000000000 -0.216000000000000 18210824891832.000000000000000
37.403293099999999 -122.051476500000007 -17.283905030000000 267.701000000000022 -5.649000000000000 -0.215000000000000 18210860781324.000000000000000
37.403293040000001 -122.051477180000006 -17.284070969999998 267.872000000000014 -5.641000000000000 -0.200000000000000 18210896818164.000000000000000
37.403292980000003 -122.051477860000006 -17.283758160000001 268.041999999999973 -5.629000000000000 -0.184000000000000 18210933331464.000000000000000
37.403292919999998 -122.051478529999997 -17.283418659999999 268.213000000000022 -5.625000000000000 -0.170000000000000 18210968912604.000000000000000
37.403292870000001 -122.051479220000004 -17.283531190000001 268.384999999999991 -5.622000000000000 -0.169000000000000 18211004762952.000000000000000
37.403292819999997 -122.051479900000004 -17.283020019999999 268.555000000000007 -5.626000000000000 -0.171000000000000 18211040797608.000000000000000
37.403292759999999 -122.051480580000003 -17.282619480000001 268.726999999999975 -5.627000000000000 -0.176000000000000 18211076734692.000000000000000
37.403292720000003 -122.051481269999996 -17.282495500000000 268.896000000000015 -5.623000000000000 -0.178000000000000 18211112591988.000000000000000
37.403292669999999 -122.051481960000004 -17.281867980000001 269.064999999999998 -5.616000000000000 -0.177000000000000 18211148713140.000000000000000
37.403292620000002 -122.051482640000003 -17.281385419999999 269.233999999999980 -5.608000000000000 -0.178000000000000 18211184764584.000000000000000
37.403292579999999 -122.051483340000004 -17.281282420000000 269.401000000000010 -5.601000000000000 -0.175000000000000 18211220676708.000000000000000
37.403292540000002 -122.051484029999997 -17.280870440000001 269.572000000000003 -5.592000000000000 -0.174000000000000 18211256751840.000000000000000
37.403292499999999 -122.051484720000005 -17.280416490000000 269.735000000000014 -5.580000000000000 -0.173000000000000 18211292775900.000000000000000
37.403292460000003 -122.051485420000006 -17.280599590000001 269.901999999999987 -5.568000000000000 -0.172000000000000 18211328699268.000000000000000
37.403292430000000 -122.051486109999999 -17.280511860000001 270.062999999999988 -5.559000000000000 -0.174000000000000 18211365058548.000000000000000
37.403292389999997 -122.051486800000006 -17.280055999999998 270.232000000000028 -5.557000000000000 -0.186000000000000 18211401445056.000000000000000
37.403292360000002 -122.051487499999993 -17.280265810000000 270.399000000000001 -5.561000000000000 -0.209000000000000 18211436761464.000000000000000
37.403292329999999 -122.051488199999994 -17.280048369999999 270.562999999999988 -5.564000000000000 -0.239000000000000 18211472692896.000000000000000
37.403292290000003 -122.051488899999995 -17.279752729999998 270.733000000000004 -5.572000000000000 -0.263000000000000 18211508769216.000000000000000
37.403292270000001 -122.051489599999996 -17.279790880000000 270.901999999999987 -5.578000000000000 -0.275000000000000 18211544712324.000000000000000
37.403292239999999 -122.051490310000005 -17.279365540000001 271.069999999999993 -5.579000000000000 -0.282000000000000 18211580736228.000000000000000
37.403292209999996 -122.051490999999999 -17.279104230000002 271.238999999999976 -5.573000000000000 -0.278000000000000 18211616833980.000000000000000
37.403292190000002 -122.051491709999993 -17.279125210000000 271.406000000000006 -5.563000000000000 -0.275000000000000 18211652630016.000000000000000
37.403292170000000 -122.051492420000002 -17.278886799999999 271.572999999999979 -5.554000000000000 -0.279000000000000 18211688750220.000000000000000
37.403292149999999 -122.051493120000004 -17.278509140000001 271.740999999999985 -5.547000000000000 -0.299000000000000 18211724764224.000000000000000
37.403292129999997 -122.051493829999998 -17.278692249999999 271.913999999999987 -5.547000000000000 -0.314000000000000 18211760789808.000000000000000
37.403292110000002 -122.051494539999993 -17.278573990000002 272.084000000000003 -5.550000000000000 -0.333000000000000 18211797427908.000000000000000
37.403292090000001 -122.051495250000002 -17.278364180000001 272.259999999999991 -5.552000000000000 -0.346000000000000 18211832769324.000000000000000
37.403292080000000 -122.051495959999997 -17.278627400000001 272.430000000000007 -5.551000000000000 -0.356000000000000 18211868705268.000000000000000
37.403292069999999 -122.051496670000006 -17.278516770000000 272.598000000000013 -5.547000000000000 -0.360000000000000 18211904689164.000000000000000
37.403292049999997 -122.051497380000001 -17.278379439999998 272.766999999999996 -5.544000000000000 -0.367000000000000 18211940701848.000000000000000
37.403292039999997 -122.051498100000003 -17.278612140000000 272.939999999999998 -5.543000000000000 -0.370000000000000 18211976689188.000000000000000
37.403292030000003 -122.051498820000006 -17.278432850000002 273.108999999999980 -5.547000000000000 -0.369000000000000 18212012702100.000000000000000
37.403292020000002 -122.051499530000001 -17.278347019999998 273.281999999999982 -5.539000000000000 -0.371000000000000 18212048742492.000000000000000
37.403292020000002 -122.051500250000004 -17.278490070000000 273.451000000000022 -5.535000000000000 -0.372000000000000 18212084679012.000000000000000
37.403292020000002 -122.051500970000006 -17.278324130000001 273.622999999999990 -5.528000000000000 -0.383000000000000 18212120694348.000000000000000
37.403292010000001 -122.051501689999995 -17.278125760000002 273.802000000000021 -5.529000000000000 -0.404000000000000 18212156676216.000000000000000
37.403292010000001 -122.051502409999998 -17.278173450000001 273.973999999999990 -5.532000000000000 -0.433000000000000 18212193154620.000000000000000
37.403292010000001 -122.051503130000000 -17.277482989999999 274.148000000000025 -5.548000000000000 -0.472000000000000 18212228883384.000000000000000
37.403292010000001 -122.051503850000003 -17.277317050000001 274.324999999999989 -5.557000000000000 -0.516000000000000 18212264746656.000000000000000
37.403292020000002 -122.051504580000000 -17.276824950000002 274.495000000000005 -5.564000000000000 -0.546000000000000 18212301077160.000000000000000
37.403292030000003 -122.051505300000002 -17.275764469999999 274.668999999999983 -5.562000000000000 -0.565000000000000 18212337240300.000000000000000
37.403292030000003 -122.051506029999999 -17.274969100000000 274.843000000000018 -5.561000000000000 -0.577000000000000 18212372649036.000000000000000
37.403292049999997 -122.051506759999995 -17.274190900000001 275.014999999999986 -5.562000000000000 -0.587000000000000 18212408692008.000000000000000
37.403292059999998 -122.051507479999998 -17.273244859999998 275.187999999999988 -5.555000000000000 -0.601000000000000 18212444787636.000000000000000
37.403292069999999 -122.051508209999994 -17.271944049999998 275.363000000000000 -5.563000000000000 -0.625000000000000 18212480672244.000000000000000
37.403292090000001 -122.051508940000005 -17.271181110000001 275.536000000000001 -5.573000000000000 -0.644000000000000 18212516612784.000000000000000
37.403292110000002 -122.051509670000002 -17.269981380000001 275.706999999999994 -5.588000000000000 -0.666000000000000 18212552636520.000000000000000
37.403292120000003 -122.051510399999998 -17.269052510000002 275.875000000000000 -5.599000000000000 -0.681000000000000 18212588698836.000000000000000
37.403292149999999 -122.051511140000002 -17.268293379999999 276.047000000000025 -5.606000000000000 -0.686000000000000 18212624616900.000000000000000
37.403292170000000 -122.051511869999999 -17.267320630000000 276.211000000000013 -5.616000000000000 -0.682000000000000 18212660875140.000000000000000
37.403292190000002 -122.051512599999995 -17.266075130000001 276.387000000000000 -5.629000000000000 -0.683000000000000 18212697117456.000000000000000
37.403292219999997 -122.051513340000000 -17.265335080000000 276.557000000000016 -5.649000000000000 -0.693000000000000 18212733084972.000000000000000
37.403292250000000 -122.051514080000004 -17.264213560000002 276.730000000000018 -5.667000000000000 -0.715000000000000 18212768710572.000000000000000
37.403292280000002 -122.051514810000000 -17.263261799999999 276.901000000000010 -5.682000000000000 -0.737000000000000 18212804632824.000000000000000
37.403292309999998 -122.051515550000005 -17.262485500000000 277.069000000000017 -5.695000000000000 -0.750000000000000 18212840671068.000000000000000
37.403292350000001 -122.051516289999995 -17.261381149999998 277.240000000000009 -5.705000000000000 -0.759000000000000 18212876691768.000000000000000
37.403292380000003 -122.051517029999999 -17.260290149999999 277.411000000000001 -5.712000000000000 -0.765000000000000 18212912666448.000000000000000
37.403292420000000 -122.051517770000004 -17.259498600000001 277.581999999999994 -5.715000000000000 -0.777000000000000 18212948629788.000000000000000
37.403292460000003 -122.051518520000002 -17.258594510000002 277.752999999999986 -5.723000000000000 -0.801000000000000 18212984648856.000000000000000
37.403292499999999 -122.051519260000006 -17.257551190000001 277.923999999999978 -5.733000000000000 -0.825000000000000 18213020771784.000000000000000
37.403292540000002 -122.051519999999996 -17.257007600000001 278.098999999999990 -5.741000000000000 -0.855000000000000 18213056656860.000000000000000
37.403292590000000 -122.051520749999995 -17.256244660000000 278.271999999999991 -5.752000000000000 -0.880000000000000 18213092915112.000000000000000
37.403292630000003 -122.051521489999999 -17.255363460000002 278.446000000000026 -5.763000000000000 -0.905000000000000 18213128698968.000000000000000
37.403292680000000 -122.051522239999997 -17.254940030000000 278.620000000000005 -5.766000000000000 -0.928000000000000 18213165374904.000000000000000
37.403292729999997 -122.051522989999995 -17.254346850000001 278.791999999999973 -5.769000000000000 -0.954000000000000 18213200880756.000000000000000
37.403292780000001 -122.051523739999993 -17.253601069999998 278.970000000000027 -5.777000000000000 -0.978000000000000 18213236727912.000000000000000
37.403292839999999 -122.051524490000006 -17.253284449999999 279.141000000000020 -5.787000000000000 -1.001000000000000 18213272673576.000000000000000
37.403292890000003 -122.051525240000004 -17.252719880000001 279.315999999999974 -5.791000000000000 -1.024000000000000 18213308660088.000000000000000
37.403292950000001 -122.051525990000002 -17.252176280000000 279.488000000000000 -5.799000000000000 -1.051000000000000 18213344684076.000000000000000
37.403293009999999 -122.051526749999994 -17.251897809999999 279.661000000000001 -5.803000000000000 -1.075000000000000 18213380721072.000000000000000
37.403293069999997 -122.051527500000006 -17.251365660000001 279.836000000000013 -5.812000000000000 -1.100000000000000 18213416652168.000000000000000
37.403293130000002 -122.051528250000004 -17.250774379999999 280.014000000000010 -5.820000000000000 -1.126000000000000 18213452680872.000000000000000
37.403293189999999 -122.051529009999996 -17.250328060000001 280.187000000000012 -5.833000000000000 -1.147000000000000 18213488627832.000000000000000
37.403293259999998 -122.051529770000002 -17.249814990000001 280.360999999999990 -5.838000000000000 -1.170000000000000 18213524886312.000000000000000
37.403293329999997 -122.051530520000000 -17.249279019999999 280.533000000000015 -5.847000000000000 -1.191000000000000 18213561019032.000000000000000
37.403293400000003 -122.051531280000006 -17.248863220000000 280.708000000000027 -5.856000000000000 -1.214000000000000 18213597221988.000000000000000
37.403293470000001 -122.051532039999998 -17.248332980000001 280.882000000000005 -5.866000000000000 -1.239000000000000 18213632748036.000000000000000
37.403293540000000 -122.051532800000004 -17.247798920000001 281.055999999999983 -5.872000000000000 -1.265000000000000 18213668683200.000000000000000
