37.403397060000003 -122.051335550000005 -15.373695370000000 195.605999999999995 -6.571000000000000 0.173000000000000 21478309950468.000000000000000
37.403396499999999 -122.051335730000005 -15.373353000000000 195.745000000000005 -6.583000000000000 0.168000000000000 21478345487748.000000000000000
37.403395949999997 -122.051335879999996 -15.372406010000001 195.887000000000000 -6.594000000000000 0.146000000000000 21478381475832.000000000000000
37.403395390000000 -122.051336030000002 -15.371853829999999 196.028999999999996 -6.602000000000000 0.142000000000000 21478417654680.000000000000000
37.403394839999997 -122.051336219999996 -15.370536800000000 196.170999999999992 -6.608000000000000 0.140000000000000 21478453392636.000000000000000
37.403394290000001 -122.051336379999995 -15.369732859999999 196.312000000000012 -6.611000000000000 0.142000000000000 21478489748028.000000000000000
37.403393739999999 -122.051336530000000 -15.368849750000001 196.454000000000008 -6.620000000000000 0.139000000000000 21478525463316.000000000000000
37.403393190000003 -122.051336719999995 -15.367769239999999 196.596000000000004 -6.618000000000000 0.130000000000000 21478561411464.000000000000000
37.403392650000001 -122.051336870000000 -15.366974830000000 196.742999999999995 -6.626000000000000 0.111000000000000 21478597535028.000000000000000
37.403392099999998 -122.051337029999999 -15.366274830000000 196.894000000000005 -6.642000000000000 0.094000000000000 21478634073888.000000000000000
37.403391550000002 -122.051337219999994 -15.365314480000000 197.034999999999997 -6.665000000000000 0.083000000000000 21478670090604.000000000000000
37.403391020000001 -122.051337380000007 -15.364881520000001 197.185000000000002 -6.674000000000000 0.083000000000000 21478705500780.000000000000000
37.403390469999998 -122.051337540000006 -15.364021299999999 197.331999999999994 -6.677000000000000 0.096000000000000 21478741561164.000000000000000
37.403389939999997 -122.051337730000000 -15.363263130000000 197.480999999999995 -6.682000000000000 0.105000000000000 21478777351548.000000000000000
37.403389400000002 -122.051337889999999 -15.362962720000001 197.633000000000010 -6.691000000000000 0.109000000000000 21478813397616.000000000000000
37.403388860000000 -122.051338049999998 -15.362565040000000 197.788000000000011 -6.698000000000000 0.102000000000000 21478849494780.000000000000000
37.403388329999999 -122.051338240000007 -15.362090110000000 197.939999999999998 -6.704000000000000 0.095000000000000 21478885448244.000000000000000
37.403387809999998 -122.051338410000000 -15.361900329999999 198.096000000000004 -6.709000000000000 0.086000000000000 21478921676892.000000000000000
37.403387270000003 -122.051338569999999 -15.361669539999999 198.254999999999995 -6.713000000000000 0.079000000000000 21478957561272.000000000000000
37.403386750000003 -122.051338770000001 -15.361269000000000 198.412000000000006 -6.714000000000000 0.074000000000000 21478993284564.000000000000000
37.403386220000002 -122.051338939999994 -15.361102100000000 198.567000000000007 -6.708000000000000 0.063000000000000 21479029730280.000000000000000
37.403385700000001 -122.051339100000007 -15.360893250000000 198.729000000000013 -6.703000000000000 0.046000000000000 21479065576284.000000000000000
37.403385180000001 -122.051339299999995 -15.360527039999999 198.884999999999991 -6.698000000000000 0.029000000000000 21479101625844.000000000000000
37.403384660000000 -122.051339470000002 -15.360471730000000 199.050000000000011 -6.692000000000000 0.010000000000000 21479137581504.000000000000000
37.403384129999999 -122.051339650000003 -15.360277180000001 199.216000000000008 -6.682000000000000 -0.013000000000000 21479173511400.000000000000000
37.403383620000000 -122.051339839999997 -15.359990120000001 199.379999999999995 -6.673000000000000 -0.042000000000000 21479209893624.000000000000000
37.403383099999999 -122.051340019999998 -15.359879490000001 199.549000000000007 -6.664000000000000 -0.082000000000000 21479245936104.000000000000000
37.403382590000000 -122.051340199999999 -15.359683040000000 199.717999999999989 -6.658000000000000 -0.129000000000000 21479281542024.000000000000000
37.403382069999999 -122.051340409999995 -15.360128400000001 199.887000000000000 -6.651000000000000 -0.176000000000000 21479317471608.000000000000000
37.403381560000000 -122.051340589999995 -15.359644890000000 200.062999999999988 -6.648000000000000 -0.229000000000000 21479353677816.000000000000000
37.403381050000000 -122.051340769999996 -15.359556200000000 200.241000000000014 -6.649000000000000 -0.273000000000000 21479389566552.000000000000000
37.403380540000001 -122.051340980000006 -15.359845160000001 200.413999999999987 -6.640000000000000 -0.307000000000000 21479425423560.000000000000000
37.403380030000001 -122.051341170000001 -15.359516140000000 200.593999999999994 -6.634000000000000 -0.331000000000000 21479461554360.000000000000000
37.403379520000001 -122.051341350000001 -15.359055520000000 200.770000000000010 -6.623000000000000 -0.358000000000000 21479497504284.000000000000000
37.403379010000002 -122.051341570000005 -15.359531400000000 200.953000000000003 -6.612000000000000 -0.391000000000000 21479533558284.000000000000000
37.403378510000003 -122.051341750000006 -15.359466550000000 201.132000000000005 -6.605000000000000 -0.437000000000000 21479570134932.000000000000000
37.403377999999996 -122.051341940000000 -15.359107970000000 201.314999999999998 -6.594000000000000 -0.481000000000000 21479605844508.000000000000000
37.403377499999998 -122.051342160000004 -15.359753610000000 201.497000000000014 -6.588000000000000 -0.521000000000000 21479641505412.000000000000000
37.403376989999998 -122.051342349999999 -15.359723089999999 201.681000000000012 -6.586000000000000 -0.557000000000000 21479677371516.000000000000000
37.403376489999999 -122.051342539999993 -15.359674450000000 201.867999999999995 -6.581000000000000 -0.578000000000000 21479713518540.000000000000000
37.403375990000001 -122.051342759999997 -15.360377310000001 202.052999999999997 -6.574000000000000 -0.594000000000000 21479749261152.000000000000000
37.403375490000002 -122.051342950000006 -15.360453610000000 202.235999999999990 -6.569000000000000 -0.608000000000000 21479785553016.000000000000000
37.403374990000003 -122.051343149999994 -15.360422130000000 202.426999999999992 -6.562000000000000 -0.618000000000000 21479821394088.000000000000000
37.403374489999997 -122.051343369999998 -15.360507970000000 202.615000000000009 -6.560000000000000 -0.630000000000000 21479857412196.000000000000000
37.403373989999999 -122.051343570000000 -15.360507970000000 202.801999999999992 -6.564000000000000 -0.646000000000000 21479893514172.000000000000000
37.403373490000000 -122.051343770000003 -15.360575680000000 202.991999999999990 -6.559000000000000 -0.658000000000000 21479929512324.000000000000000
37.403373000000002 -122.051343990000007 -15.360620500000000 203.182999999999993 -6.553000000000000 -0.668000000000000 21479965282728.000000000000000
37.403372500000003 -122.051344200000003 -15.360499380000000 203.376000000000005 -6.550000000000000 -0.676000000000000 21480001412004.000000000000000
37.403372009999998 -122.051344400000005 -15.360519410000000 203.568000000000012 -6.546000000000000 -0.695000000000000 21480037358796.000000000000000
37.403371509999999 -122.051344639999996 -15.360427860000000 203.760999999999996 -6.547000000000000 -0.719000000000000 21480073509624.000000000000000
37.403371020000002 -122.051344850000007 -15.360334399999999 203.954000000000008 -6.540000000000000 -0.746000000000000 21480109971708.000000000000000
37.403370529999997 -122.051345060000003 -15.360318180000000 204.150000000000006 -6.534000000000000 -0.772000000000000 21480145567332.000000000000000
37.403370039999999 -122.051345299999994 -15.360380170000001 204.340000000000003 -6.525000000000000 -0.792000000000000 21480181449060.000000000000000
37.403369550000001 -122.051345519999998 -15.360549929999999 204.538000000000011 -6.518000000000000 -0.803000000000000 21480217584564.000000000000000
37.403369060000003 -122.051345740000002 -15.360483170000000 204.729999999999990 -6.511000000000000 -0.812000000000000 21480253525044.000000000000000
37.403368569999998 -122.051345979999994 -15.360929490000000 204.919999999999987 -6.505000000000000 -0.804000000000000 21480289462248.000000000000000
37.403368090000001 -122.051346199999998 -15.361527440000000 205.116000000000014 -6.498000000000000 -0.792000000000000 21480325356420.000000000000000
37.403367600000003 -122.051346420000002 -15.361777310000001 205.307999999999993 -6.490000000000000 -0.773000000000000 21480361529016.000000000000000
37.403367109999998 -122.051346670000001 -15.362524990000001 205.503999999999991 -6.489000000000000 -0.758000000000000 21480397455780.000000000000000
37.403366630000001 -122.051346899999999 -15.363183980000001 205.699999999999989 -6.487000000000000 -0.747000000000000 21480433789596.000000000000000
37.403366140000003 -122.051347120000003 -15.363855360000001 205.899000000000001 -6.492000000000000 -0.740000000000000 21480469621968.000000000000000
37.403365659999999 -122.051347370000002 -15.364575390000001 206.094999999999999 -6.495000000000000 -0.726000000000000 21480505548732.000000000000000
37.403365180000002 -122.051347609999993 -15.365081790000000 206.292000000000002 -6.484000000000000 -0.710000000000000 21480541483740.000000000000000
37.403364699999997 -122.051347840000005 -15.365600590000000 206.490000000000009 -6.480000000000000 -0.686000000000000 21480577511316.000000000000000
37.403364220000000 -122.051348099999998 -15.365386960000000 206.687999999999988 -6.473000000000000 -0.666000000000000 21480613452708.000000000000000
37.403363740000003 -122.051348349999998 -15.365598680000000 206.885999999999996 -6.463000000000000 -0.648000000000000 21480649496364.000000000000000
37.403363259999999 -122.051348590000003 -15.366113660000000 207.087999999999994 -6.452000000000000 -0.638000000000000 21480685316556.000000000000000
37.403362790000003 -122.051348849999997 -15.365753170000000 207.287000000000006 -6.445000000000000 -0.629000000000000 21480721495596.000000000000000
37.403362309999999 -122.051349099999996 -15.365812300000000 207.491000000000014 -6.437000000000000 -0.620000000000000 21480757277640.000000000000000
37.403361840000002 -122.051349340000002 -15.366013530000000 207.694999999999993 -6.431000000000000 -0.619000000000000 21480793476084.000000000000000
37.403361359999998 -122.051349610000003 -15.365480420000001 207.895999999999987 -6.427000000000000 -0.610000000000000 21480829446756.000000000000000
37.403360890000002 -122.051349869999996 -15.365412709999999 208.099999999999994 -6.414000000000000 -0.604000000000000 21480865454772.000000000000000
37.403360419999998 -122.051350119999995 -15.365427020000000 208.306000000000012 -6.402000000000000 -0.590000000000000 21480901363476.000000000000000
37.403359950000002 -122.051350389999996 -15.364833830000000 208.508000000000010 -6.388000000000000 -0.574000000000000 21480937537164.000000000000000
37.403359479999999 -122.051350650000003 -15.364830019999999 208.712999999999994 -6.371000000000000 -0.552000000000000 21480973433592.000000000000000
37.403359010000003 -122.051350909999996 -15.364807130000001 208.918000000000006 -6.352000000000000 -0.534000000000000 21481009790868.000000000000000
37.403358550000000 -122.051351190000005 -15.364436150000000 209.126000000000005 -6.335000000000000 -0.522000000000000 21481045997988.000000000000000
37.403358079999997 -122.051351449999999 -15.364485739999999 209.335000000000008 -6.326000000000000 -0.508000000000000 21481081678356.000000000000000
37.403357620000001 -122.051351710000006 -15.364483829999999 209.548000000000002 -6.306000000000000 -0.502000000000000 21481117340460.000000000000000
37.403357149999998 -122.051351999999994 -15.364180559999999 209.759999999999991 -6.296000000000000 -0.499000000000000 21481153344708.000000000000000
37.403356690000003 -122.051352269999995 -15.364254949999999 209.977000000000004 -6.285000000000000 -0.500000000000000 21481189465212.000000000000000
37.403356230000000 -122.051352539999996 -15.364292140000000 210.192000000000007 -6.268000000000000 -0.508000000000000 21481225364148.000000000000000
37.403355769999997 -122.051352829999999 -15.364025120000001 210.407999999999987 -6.244000000000000 -0.511000000000000 21481261438836.000000000000000
37.403355310000002 -122.051353100000000 -15.364312170000000 210.623999999999995 -6.219000000000000 -0.512000000000000 21481297468716.000000000000000
37.403354849999999 -122.051353379999995 -15.364344600000001 210.842000000000013 -6.198000000000000 -0.510000000000000 21481333350888.000000000000000
37.403354389999997 -122.051353669999997 -15.365599630000000 211.062999999999988 -6.174000000000000 -0.503000000000000 21481369961028.000000000000000
37.403353930000002 -122.051353950000006 -15.365942000000000 211.283999999999992 -6.154000000000000 -0.507000000000000 21481405841784.000000000000000
37.403353469999999 -122.051354230000001 -15.366215710000001 211.507000000000005 -6.136000000000000 -0.521000000000000 21481441476924.000000000000000
37.403353019999997 -122.051354529999998 -15.367491720000000 211.731999999999999 -6.122000000000000 -0.530000000000000 21481477244832.000000000000000
37.403352560000002 -122.051354810000007 -15.367969510000000 211.956999999999994 -6.112000000000000 -0.531000000000000 21481513700148.000000000000000
37.403352110000000 -122.051355090000001 -15.368298530000001 212.182999999999993 -6.088000000000000 -0.519000000000000 21481549350780.000000000000000
37.403351649999998 -122.051355400000006 -15.369697570000000 212.408999999999992 -6.059000000000000 -0.499000000000000 21481585320204.000000000000000
37.403351200000003 -122.051355689999994 -15.370590210000000 212.632000000000005 -6.020000000000000 -0.477000000000000 21481621446540.000000000000000
37.403350750000001 -122.051355979999997 -15.371194839999999 212.859000000000009 -5.977000000000000 -0.466000000000000 21481657161252.000000000000000
37.403350300000000 -122.051356290000001 -15.373035430000000 213.086999999999989 -5.939000000000000 -0.463000000000000 21481693423428.000000000000000
37.403349849999998 -122.051356580000004 -15.374311450000000 213.319999999999993 -5.905000000000000 -0.465000000000000 21481729495332.000000000000000
37.403349409999997 -122.051356870000006 -15.375200270000001 213.556999999999988 -5.872000000000000 -0.475000000000000 21481765476696.000000000000000
37.403348960000002 -122.051357190000004 -15.377166750000001 213.790999999999997 -5.845000000000000 -0.480000000000000 21481801385820.000000000000000
37.403348520000002 -122.051357490000001 -15.378208160000000 214.027999999999992 -5.812000000000000 -0.466000000000000 21481837357584.000000000000000
37.403348070000000 -122.051357780000004 -15.379377370000000 214.264000000000010 -5.784000000000000 -0.439000000000000 21481873862220.000000000000000
37.403347619999998 -122.051358100000002 -15.381101610000000 214.498999999999995 -5.748000000000000 -0.397000000000000 21481909682868.000000000000000
37.403347189999998 -122.051358410000006 -15.381769179999999 214.738000000000000 -5.715000000000000 -0.356000000000000 21481945627812.000000000000000
37.403346749999997 -122.051358710000002 -15.382833480000000 214.975999999999999 -5.685000000000000 -0.316000000000000 21481981542072.000000000000000
37.403346300000003 -122.051359030000000 -15.384254459999999 215.223000000000013 -5.650000000000000 -0.286000000000000 21482017410156.000000000000000
37.403345870000003 -122.051359349999998 -15.384783740000000 215.466000000000008 -5.618000000000000 -0.258000000000000 21482053234872.000000000000000
37.403345430000002 -122.051359649999995 -15.385392189999999 215.711999999999989 -5.592000000000000 -0.237000000000000 21482089473924.000000000000000
37.403345000000002 -122.051359980000001 -15.386541370000000 215.954000000000008 -5.564000000000000 -0.218000000000000 21482125299996.000000000000000
37.403344570000002 -122.051360310000007 -15.386739730000000 216.200999999999993 -5.540000000000000 -0.202000000000000 21482161479528.000000000000000
37.403344130000001 -122.051360619999997 -15.387293820000000 216.449000000000012 -5.524000000000000 -0.196000000000000 21482197439016.000000000000000
37.403343700000001 -122.051360959999997 -15.388189320000000 216.699000000000012 -5.510000000000000 -0.190000000000000 21482233956444.000000000000000
37.403343280000001 -122.051361290000003 -15.388229369999999 216.949000000000012 -5.504000000000000 -0.189000000000000 21482270107032.000000000000000
37.403342850000001 -122.051361610000001 -15.388382910000001 217.201999999999998 -5.500000000000000 -0.193000000000000 21482305540596.000000000000000
37.403342420000001 -122.051361950000000 -15.388939860000001 217.454000000000008 -5.501000000000000 -0.200000000000000 21482341391700.000000000000000
37.403342000000002 -122.051362290000000 -15.388493540000001 217.706999999999994 -5.502000000000000 -0.212000000000000 21482377675020.000000000000000
37.403341580000003 -122.051362620000006 -15.388545990000001 217.957999999999998 -5.505000000000000 -0.223000000000000 21482413424280.000000000000000
37.403341159999997 -122.051362970000000 -15.388638500000001 218.216000000000008 -5.508000000000000 -0.231000000000000 21482449344648.000000000000000
37.403340739999997 -122.051363309999999 -15.387689590000001 218.474999999999994 -5.511000000000000 -0.236000000000000 21482485498932.000000000000000
37.403340319999998 -122.051363640000005 -15.387308120000000 218.733000000000004 -5.512000000000000 -0.240000000000000 21482521632468.000000000000000
37.403339899999999 -122.051364000000007 -15.387125970000000 218.992999999999995 -5.513000000000000 -0.249000000000000 21482557174632.000000000000000
37.403339490000000 -122.051364340000006 -15.386237140000000 219.251000000000005 -5.518000000000000 -0.259000000000000 21482593414392.000000000000000
37.403339070000001 -122.051364690000000 -15.385200500000000 219.510999999999996 -5.526000000000000 -0.274000000000000 21482629472052.000000000000000
37.403338660000003 -122.051365039999993 -15.384963040000001 219.772999999999996 -5.541000000000000 -0.290000000000000 21482665326612.000000000000000
37.403338249999997 -122.051365399999995 -15.384045600000000 220.031000000000006 -5.553000000000000 -0.303000000000000 21482701443276.000000000000000
37.403337839999999 -122.051365739999994 -15.383055690000001 220.294999999999987 -5.574000000000000 -0.318000000000000 21482737425564.000000000000000
37.403337430000001 -122.051366110000004 -15.382572170000000 220.562999999999988 -5.595000000000000 -0.335000000000000 21482773087884.000000000000000
37.403337030000003 -122.051366459999997 -15.381178860000000 220.830999999999989 -5.619000000000000 -0.362000000000000 21482810025900.000000000000000
37.403336619999997 -122.051366810000005 -15.380339620000001 221.104000000000013 -5.641000000000000 -0.397000000000000 21482845814244.000000000000000
37.403336209999999 -122.051367200000001 -15.378501890000001 221.372999999999990 -5.663000000000000 -0.434000000000000 21482881320708.000000000000000
37.403335810000002 -122.051367560000003 -15.377173420000000 221.640999999999991 -5.683000000000000 -0.461000000000000 21482917435272.000000000000000
37.403335400000003 -122.051367920000004 -15.375835420000000 221.913000000000011 -5.701000000000000 -0.478000000000000 21482953556220.000000000000000
37.403334989999998 -122.051368299999993 -15.374044420000001 222.177999999999997 -5.717000000000000 -0.494000000000000 21482989259304.000000000000000
37.403334600000001 -122.051368670000002 -15.372700690000000 222.447000000000003 -5.737000000000000 -0.505000000000000 21483025611684.000000000000000
37.403334200000003 -122.051369030000004 -15.371370320000000 222.717999999999989 -5.760000000000000 -0.520000000000000 21483061488936.000000000000000
37.403333789999998 -122.051369420000000 -15.369780540000001 222.990000000000009 -5.781000000000000 -0.539000000000000 21483097137036.000000000000000
37.403333400000001 -122.051369789999995 -15.368812560000000 223.269000000000005 -5.805000000000000 -0.554000000000000 21483133378068.000000000000000
37.403333000000003 -122.051370160000005 -15.367555619999999 223.545999999999992 -5.830000000000000 -0.556000000000000 21483169660680.000000000000000
37.403332599999999 -122.051370550000001 -15.366277690000000 223.822000000000003 -5.852000000000000 -0.564000000000000 21483205919724.000000000000000
37.403332210000002 -122.051370930000004 -15.365388870000000 224.098000000000013 -5.870000000000000 -0.564000000000000 21483241602516.000000000000000
37.403331819999998 -122.051371300000000 -15.364459990000000 224.370000000000005 -5.884000000000000 -0.563000000000000 21483277227828.000000000000000
37.403331420000001 -122.051371700000004 -15.363169670000000 224.640999999999991 -5.894000000000000 -0.555000000000000 21483313355844.000000000000000
37.403331039999998 -122.051372079999993 -15.362172129999999 224.913999999999987 -5.898000000000000 -0.538000000000000 21483349166616.000000000000000
37.403330650000001 -122.051372459999996 -15.361227039999999 225.186000000000007 -5.900000000000000 -0.517000000000000 21483385408788.000000000000000
37.403330259999997 -122.051372869999994 -15.359983440000001 225.459000000000003 -5.899000000000000 -0.493000000000000 21483421280556.000000000000000
37.403329880000001 -122.051373260000005 -15.359307290000000 225.733000000000004 -5.900000000000000 -0.467000000000000 21483457320444.000000000000000
37.403329499999998 -122.051373650000002 -15.358194350000000 226.012000000000000 -5.902000000000000 -0.453000000000000 21483493944228.000000000000000
37.403329120000002 -122.051374050000007 -15.357885359999999 226.287000000000006 -5.912000000000000 -0.450000000000000 21483529355628.000000000000000
37.403328739999999 -122.051374449999997 -15.357527729999999 226.568999999999988 -5.915000000000000 -0.454000000000000 21483565222200.000000000000000
37.403328369999997 -122.051374839999994 -15.356925960000000 226.846000000000004 -5.911000000000000 -0.464000000000000 21483601448196.000000000000000
37.403327990000001 -122.051375260000000 -15.356985090000000 227.121000000000009 -5.893000000000000 -0.470000000000000 21483637415292.000000000000000
37.403327619999999 -122.051375660000005 -15.356835370000001 227.397999999999996 -5.877000000000000 -0.476000000000000 21483673778172.000000000000000
37.403327249999997 -122.051376070000003 -15.356478689999999 227.682999999999993 -5.860000000000000 -0.493000000000000 21483710063796.000000000000000
37.403326880000002 -122.051376480000002 -15.356645580000000 227.956999999999994 -5.840000000000000 -0.515000000000000 21483745307508.000000000000000
37.403326509999999 -122.051376899999994 -15.356713290000000 228.241000000000014 -5.820000000000000 -0.531000000000000 21483781454580.000000000000000
37.403326149999998 -122.051377310000007 -15.356572150000000 228.526999999999987 -5.791000000000000 -0.542000000000000 21483817424340.000000000000000
37.403325780000003 -122.051377729999999 -15.357122420000000 228.814999999999998 -5.764000000000000 -0.553000000000000 21483853355004.000000000000000
37.403325420000002 -122.051378150000005 -15.357489590000000 229.098999999999990 -5.740000000000000 -0.560000000000000 21483889437192.000000000000000
37.403325060000000 -122.051378560000003 -15.357579230000001 229.383000000000010 -5.709000000000000 -0.575000000000000 21483925367412.000000000000000
37.403324699999999 -122.051378990000003 -15.358454699999999 229.664999999999992 -5.679000000000000 -0.589000000000000 21483961352196.000000000000000
37.403324339999998 -122.051379420000004 -15.359195710000000 229.949999999999989 -5.644000000000000 -0.600000000000000 21483997305972.000000000000000
37.403323989999997 -122.051379839999996 -15.359558110000000 230.236999999999995 -5.611000000000000 -0.602000000000000 21484033311444.000000000000000
37.403323630000003 -122.051380269999996 -15.360649110000001 230.526000000000010 -5.576000000000000 -0.608000000000000 21484069246044.000000000000000
37.403323280000002 -122.051380699999996 -15.361449240000001 230.816000000000003 -5.542000000000000 -0.612000000000000 21484105497876.000000000000000
37.403322920000001 -122.051381120000002 -15.362239840000001 231.110000000000014 -5.503000000000000 -0.612000000000000 21484141451808.000000000000000
37.403322570000000 -122.051381559999996 -15.363338470000000 231.405000000000001 -5.470000000000000 -0.615000000000000 21484177332540.000000000000000
37.403322220000000 -122.051382000000004 -15.363987920000000 231.697000000000003 -5.436000000000000 -0.605000000000000 21484213208160.000000000000000
37.403321869999999 -122.051382419999996 -15.364724160000000 231.990000000000009 -5.397000000000000 -0.592000000000000 21484249238436.000000000000000
37.403321519999999 -122.051382880000006 -15.365680690000000 232.277999999999992 -5.362000000000000 -0.572000000000000 21484285305372.000000000000000
37.403321190000000 -122.051383319999999 -15.366264340000001 232.570999999999998 -5.325000000000000 -0.551000000000000 21484321437168.000000000000000
37.403320839999999 -122.051383749999999 -15.366813660000000 232.860999999999990 -5.293000000000000 -0.532000000000000 21484357176576.000000000000000
37.403320500000000 -122.051384209999995 -15.367524149999999 233.151999999999987 -5.272000000000000 -0.523000000000000 21484393079508.000000000000000
37.403320170000001 -122.051384650000003 -15.367544170000000 233.438999999999993 -5.254000000000000 -0.514000000000000 21484429368288.000000000000000
37.403319830000001 -122.051385100000005 -15.367959020000001 233.729999999999990 -5.239000000000000 -0.511000000000000 21484465356192.000000000000000
37.403319500000002 -122.051385560000000 -15.368179319999999 234.015999999999991 -5.220000000000000 -0.495000000000000 21484501277196.000000000000000
37.403319170000003 -122.051386019999995 -15.367837910000000 234.301999999999992 -5.195000000000000 -0.473000000000000 21484537584960.000000000000000
37.403318839999997 -122.051386469999997 -15.367770200000001 234.587999999999994 -5.175000000000000 -0.443000000000000 21484573283052.000000000000000
37.403318519999999 -122.051386940000000 -15.367724420000000 234.869000000000000 -5.157000000000000 -0.421000000000000 21484609958112.000000000000000
37.403318200000001 -122.051387399999996 -15.367224690000000 235.151000000000010 -5.145000000000000 -0.407000000000000 21484645608708.000000000000000
37.403317880000003 -122.051387860000006 -15.366812710000000 235.433999999999997 -5.141000000000000 -0.399000000000000 21484681402032.000000000000000
37.403317559999998 -122.051388340000003 -15.366518970000000 235.715000000000003 -5.140000000000000 -0.395000000000000 21484717294428.000000000000000
37.403317250000001 -122.051388810000006 -15.365591050000001 235.995000000000005 -5.144000000000000 -0.385000000000000 21484753402860.000000000000000
37.403316930000003 -122.051389270000001 -15.365084650000000 236.276999999999987 -5.150000000000000 -0.366000000000000 21484789378752.000000000000000
37.403316619999998 -122.051389760000006 -15.364497180000001 236.557999999999993 -5.158000000000000 -0.339000000000000 21484825322880.000000000000000
37.403316310000001 -122.051390229999996 -15.363494870000000 236.841000000000008 -5.164000000000000 -0.313000000000000 21484861391232.000000000000000
37.403315999999997 -122.051390699999999 -15.362515450000000 237.128999999999991 -5.169000000000000 -0.288000000000000 21484897381836.000000000000000
37.403315689999999 -122.051391179999996 -15.360785480000001 237.413000000000011 -5.180000000000000 -0.279000000000000 21484933071048.000000000000000
37.403315390000003 -122.051391659999993 -15.359642030000000 237.705000000000013 -5.193000000000000 -0.278000000000000 21484969593456.000000000000000
37.403315079999999 -122.051392140000004 -15.358608250000000 237.991000000000014 -5.200000000000000 -0.272000000000000 21485006063148.000000000000000
37.403314770000001 -122.051392629999995 -15.356819150000000 238.281000000000006 -5.208000000000000 -0.262000000000000 21485041336896.000000000000000
37.403314479999999 -122.051393110000006 -15.355397220000000 238.568999999999988 -5.220000000000000 -0.247000000000000 21485077379088.000000000000000
37.403314180000002 -122.051393590000004 -15.354166030000000 238.859000000000009 -5.241000000000000 -0.230000000000000 21485113130940.000000000000000
37.403313879999999 -122.051394079999994 -15.352153780000000 239.145999999999987 -5.260000000000000 -0.223000000000000 21485149257996.000000000000000
37.403313580000003 -122.051394569999999 -15.350585940000000 239.437999999999988 -5.283000000000000 -0.210000000000000 21485185125996.000000000000000
37.403313290000000 -122.051395049999996 -15.349145890000001 239.729999999999990 -5.302000000000000 -0.193000000000000 21485221124664.000000000000000
37.403312990000003 -122.051395549999995 -15.347253800000001 240.019000000000005 -5.320000000000000 -0.170000000000000 21485257100952.000000000000000
37.403312710000002 -122.051396040000000 -15.346180920000000 240.312999999999988 -5.333000000000000 -0.146000000000000 21485293081032.000000000000000
37.403312419999999 -122.051396530000005 -15.344688420000001 240.605999999999995 -5.345000000000000 -0.126000000000000 21485329204848.000000000000000
37.403312130000003 -122.051397039999998 -15.343176840000000 240.895999999999987 -5.357000000000000 -0.115000000000000 21485365077084.000000000000000
37.403311850000001 -122.051397539999996 -15.342092510000001 241.183999999999997 -5.369000000000000 -0.111000000000000 21485401329660.000000000000000
37.403311559999999 -122.051398030000001 -15.341041560000001 241.471000000000004 -5.387000000000000 -0.112000000000000 21485437084296.000000000000000
37.403311279999997 -122.051398539999994 -15.339584350000001 241.754999999999995 -5.401000000000000 -0.097000000000000 21485473664244.000000000000000
37.403311010000003 -122.051399050000001 -15.338555339999999 242.042000000000002 -5.416000000000000 -0.072000000000000 21485509599648.000000000000000
37.403310730000001 -122.051399549999999 -15.337411879999999 242.325999999999993 -5.428000000000000 -0.039000000000000 21485545171812.000000000000000
37.403310449999999 -122.051400070000000 -15.336134910000000 242.610000000000014 -5.439000000000000 -0.002000000000000 21485581145640.000000000000000
37.403310189999999 -122.051400580000006 -15.335617070000000 242.897999999999996 -5.448000000000000 0.028000000000000 21485617178088.000000000000000
37.403309919999998 -122.051401089999999 -15.334476470000000 243.185000000000002 -5.457000000000000 0.043000000000000 21485653095012.000000000000000
37.403309649999997 -122.051401609999999 -15.333636280000000 243.466000000000008 -5.468000000000000 0.059000000000000 21485689105452.000000000000000
37.403309389999997 -122.051402130000000 -15.333314900000000 243.748999999999995 -5.473000000000000 0.070000000000000 21485725209444.000000000000000
37.403309129999997 -122.051402640000006 -15.332699780000000 244.025000000000006 -5.471000000000000 0.088000000000000 21485761167132.000000000000000
37.403308860000003 -122.051403170000000 -15.332098009999999 244.299000000000007 -5.468000000000000 0.115000000000000 21485797075968.000000000000000
37.403308610000003 -122.051403690000001 -15.331794739999999 244.576999999999998 -5.465000000000000 0.158000000000000 21485833710732.000000000000000
37.403308350000003 -122.051404210000001 -15.331483840000001 244.855999999999995 -5.462000000000000 0.200000000000000 21485869824348.000000000000000
37.403308090000003 -122.051404739999995 -15.330994609999999 245.131000000000000 -5.456000000000000 0.242000000000000 21485905061796.000000000000000
37.403307849999997 -122.051405270000004 -15.330870630000000 245.411000000000001 -5.456000000000000 0.285000000000000 21485941186332.000000000000000
37.403307599999998 -122.051405790000004 -15.330525400000001 245.686000000000007 -5.449000000000000 0.318000000000000 21485977166952.000000000000000
37.403307349999999 -122.051406330000006 -15.330235480000001 245.959000000000003 -5.442000000000000 0.356000000000000 21486012963048.000000000000000
37.403307110000000 -122.051406869999994 -15.330001830000000 246.225999999999999 -5.431000000000000 0.401000000000000 21486049116144.000000000000000
37.403306860000001 -122.051407400000002 -15.329863550000001 246.490000000000009 -5.423000000000000 0.449000000000000 21486085122048.000000000000000
37.403306620000002 -122.051407940000004 -15.329406740000000 246.754999999999995 -5.412000000000000 0.501000000000000 21486121103196.000000000000000
37.403306389999997 -122.051408480000006 -15.329033850000000 247.021999999999991 -5.401000000000000 0.550000000000000 21486157149816.000000000000000
37.403306149999999 -122.051409019999994 -15.328796390000001 247.289999999999992 -5.389000000000000 0.594000000000000 21486192997668.000000000000000
37.403305910000000 -122.051409570000004 -15.328347210000000 247.556999999999988 -5.382000000000000 0.627000000000000 21486229214796.000000000000000
37.403305690000003 -122.051410120000000 -15.327989580000001 247.823000000000008 -5.381000000000000 0.658000000000000 21486265361100.000000000000000
37.403305459999999 -122.051410660000002 -15.327563290000001 248.085000000000008 -5.377000000000000 0.677000000000000 21486301072440.000000000000000
37.403305230000001 -122.051411220000006 -15.327015879999999 248.347000000000008 -5.371000000000000 0.696000000000000 21486337115124.000000000000000
37.403305019999998 -122.051411770000001 -15.326485630000001 248.606999999999999 -5.363000000000000 0.718000000000000 21486373151652.000000000000000
37.403304790000000 -122.051412319999997 -15.326062200000001 248.865000000000009 -5.358000000000000 0.740000000000000 21486409543236.000000000000000
37.403304560000002 -122.051412880000001 -15.324357989999999 249.121000000000009 -5.346000000000000 0.759000000000000 21486445578456.000000000000000
37.403304349999999 -122.051413440000005 -15.323826790000000 249.383999999999986 -5.343000000000000 0.773000000000000 21486481141428.000000000000000
37.403304130000002 -122.051413999999994 -15.323247909999999 249.640999999999991 -5.338000000000000 0.779000000000000 21486517129452.000000000000000
37.403303909999998 -122.051414559999998 -15.321686740000001 249.899000000000001 -5.331000000000000 0.787000000000000 21486552945684.000000000000000
37.403303700000002 -122.051415129999995 -15.321336750000000 250.157000000000011 -5.325000000000000 0.799000000000000 21486589094928.000000000000000
37.403303489999999 -122.051415689999999 -15.320846560000000 250.414999999999992 -5.313000000000000 0.812000000000000 21486625155156.000000000000000
37.403303270000002 -122.051416259999996 -15.319511410000000 250.665999999999997 -5.299000000000000 0.823000000000000 21486661077228.000000000000000
37.403303070000000 -122.051416829999994 -15.319352150000000 250.923000000000002 -5.287000000000000 0.835000000000000 21486697296540.000000000000000
37.403302859999997 -122.051417400000005 -15.318982119999999 251.181000000000012 -5.275000000000000 0.844000000000000 21486733123308.000000000000000
37.403302640000000 -122.051417970000003 -15.317799570000000 251.431000000000012 -5.259000000000000 0.850000000000000 21486769722708.000000000000000
37.403302439999997 -122.051418549999994 -15.317625050000000 251.688999999999993 -5.248000000000000 0.851000000000000 21486805600848.000000000000000
37.403302240000002 -122.051419120000006 -15.317373280000000 251.944999999999993 -5.235000000000000 0.847000000000000 21486841119156.000000000000000
37.403302029999999 -122.051419710000005 -15.316301350000000 252.198000000000008 -5.220000000000000 0.835000000000000 21486876952728.000000000000000
37.403301839999997 -122.051420289999996 -15.316166880000001 252.453000000000003 -5.204000000000000 0.824000000000000 21486913030008.000000000000000
37.403301640000002 -122.051420870000001 -15.315973280000000 252.707999999999998 -5.183000000000000 0.809000000000000 21486949122240.000000000000000
37.403301429999999 -122.051421460000000 -15.315083500000000 252.960000000000008 -5.156000000000000 0.792000000000000 21486985019352.000000000000000
37.403301249999998 -122.051422059999993 -15.315152169999999 253.217000000000013 -5.134000000000000 0.775000000000000 21487021104972.000000000000000
37.403301050000003 -122.051422639999998 -15.314968110000001 253.471000000000004 -5.117000000000000 0.746000000000000 21487057070724.000000000000000
37.403300850000001 -122.051423240000005 -15.314222340000001 253.722000000000008 -5.097000000000000 0.706000000000000 21487093018572.000000000000000
37.403300670000000 -122.051423850000006 -15.314320560000001 253.975999999999999 -5.078000000000000 0.661000000000000 21487129263396.000000000000000
37.403300479999999 -122.051424440000005 -15.314375880000000 254.223999999999990 -5.054000000000000 0.620000000000000 21487165090872.000000000000000
37.403300280000003 -122.051425039999998 -15.313753130000000 254.467999999999989 -5.038000000000000 0.590000000000000 21487201065468.000000000000000
37.403300100000003 -122.051425649999999 -15.313973430000001 254.717000000000013 -5.022000000000000 0.569000000000000 21487237148832.000000000000000
37.403299920000002 -122.051426250000006 -15.314096449999999 254.965000000000003 -5.001000000000000 0.558000000000000 21487273164408.000000000000000
37.403299730000001 -122.051426860000007 -15.313649180000001 255.206999999999994 -4.977000000000000 0.547000000000000 21487309585812.000000000000000
37.403299550000000 -122.051427469999993 -15.313994409999999 255.454000000000008 -4.949000000000000 0.530000000000000 21487345119048.000000000000000
37.403299369999999 -122.051428079999994 -15.314153670000000 255.699999999999989 -4.930000000000000 0.515000000000000 21487381104384.000000000000000
37.403299189999998 -122.051428700000002 -15.313639640000000 255.942000000000007 -4.918000000000000 0.493000000000000 21487417035876.000000000000000
37.403299019999999 -122.051429319999997 -15.313520430000001 256.180999999999983 -4.903000000000000 0.476000000000000 21487453129452.000000000000000
37.403298849999999 -122.051429929999998 -15.313821790000000 256.418999999999983 -4.887000000000000 0.472000000000000 21487488972732.000000000000000
37.403298669999998 -122.051430560000000 -15.313068390000000 256.653999999999996 -4.864000000000000 0.483000000000000 21487525028460.000000000000000
37.403298509999999 -122.051431190000002 -15.312881470000001 256.889999999999986 -4.841000000000000 0.494000000000000 21487561373748.000000000000000
37.403298339999999 -122.051431809999997 -15.312717440000000 257.122000000000014 -4.827000000000000 0.512000000000000 21487597069560.000000000000000
37.403298169999999 -122.051432439999999 -15.311983110000000 257.353000000000009 -4.813000000000000 0.513000000000000 21487633462656.000000000000000
37.403298020000001 -122.051433079999995 -15.311557770000000 257.588000000000022 -4.809000000000000 0.508000000000000 21487669172340.000000000000000
37.403297860000002 -122.051433709999998 -15.311173439999999 257.821000000000026 -4.809000000000000 0.490000000000000 21487705092432.000000000000000
37.403297690000002 -122.051434349999994 -15.309972760000001 258.047000000000025 -4.813000000000000 0.470000000000000 21487741158492.000000000000000
37.403297549999998 -122.051434990000004 -15.308989520000001 258.273000000000025 -4.813000000000000 0.463000000000000 21487777179348.000000000000000
37.403297389999999 -122.051435630000000 -15.308578490000000 258.500999999999976 -4.808000000000000 0.469000000000000 21487813096212.000000000000000
37.403297240000001 -122.051436269999996 -15.307139400000001 258.725999999999999 -4.810000000000000 0.484000000000000 21487848983640.000000000000000
37.403297100000003 -122.051436920000000 -15.305991170000000 258.951999999999998 -4.816000000000000 0.502000000000000 21487885042356.000000000000000
37.403296949999998 -122.051437559999997 -15.305000310000000 259.177000000000021 -4.830000000000000 0.515000000000000 21487921105896.000000000000000
37.403296800000000 -122.051438210000001 -15.303356170000001 259.404999999999973 -4.844000000000000 0.525000000000000 21487957021464.000000000000000
37.403296670000003 -122.051438860000005 -15.301957130000000 259.629000000000019 -4.859000000000000 0.535000000000000 21487993211496.000000000000000
37.403296529999999 -122.051439509999994 -15.300786020000000 259.853999999999985 -4.877000000000000 0.552000000000000 21488029176660.000000000000000
37.403296380000000 -122.051440159999999 -15.299025540000001 260.074000000000012 -4.885000000000000 0.582000000000000 21488065022136.000000000000000
37.403296249999997 -122.051440819999996 -15.297591210000000 260.300000000000011 -4.893000000000000 0.613000000000000 21488100995976.000000000000000
37.403296120000000 -122.051441479999994 -15.296221729999999 260.526999999999987 -4.904000000000000 0.642000000000000 21488137048740.000000000000000
37.403295980000003 -122.051442140000006 -15.294408799999999 260.750999999999976 -4.916000000000000 0.662000000000000 21488173002456.000000000000000
37.403295849999999 -122.051442800000004 -15.292929650000000 260.980000000000018 -4.939000000000000 0.679000000000000 21488209575444.000000000000000
37.403295720000003 -122.051443460000002 -15.291491510000000 261.209999999999980 -4.953000000000000 0.696000000000000 21488245268268.000000000000000
37.403295589999999 -122.051444119999999 -15.289736749999999 261.437999999999988 -4.972000000000000 0.717000000000000 21488281159164.000000000000000
37.403295470000003 -122.051444790000005 -15.288191800000000 261.670000000000016 -4.990000000000000 0.734000000000000 21488317044612.000000000000000
37.403295350000000 -122.051445459999997 -15.286771770000000 261.901999999999987 -5.004000000000000 0.756000000000000 21488352991884.000000000000000
37.403295219999997 -122.051446130000002 -15.285019869999999 262.129999999999995 -5.025000000000000 0.775000000000000 21488389013196.000000000000000
37.403295110000002 -122.051446799999994 -15.283451080000001 262.357000000000028 -5.045000000000000 0.795000000000000 21488425122444.000000000000000
37.403294989999999 -122.051447479999993 -15.281950000000000 262.586999999999989 -5.064000000000000 0.811000000000000 21488461115184.000000000000000
37.403294870000003 -122.051448149999999 -15.280172350000001 262.815999999999974 -5.085000000000000 0.828000000000000 21488496972132.000000000000000
37.403294770000002 -122.051448840000006 -15.278649330000000 263.043999999999983 -5.099000000000000 0.841000000000000 21488533183320.000000000000000
37.403294649999999 -122.051449509999998 -15.277122500000001 263.274000000000001 -5.118000000000000 0.852000000000000 21488569185024.000000000000000
37.403294539999997 -122.051450189999997 -15.275326730000000 263.504999999999995 -5.137000000000000 0.866000000000000 21488605642008.000000000000000
37.403294440000003 -122.051450880000004 -15.273669240000000 263.732000000000028 -5.166000000000000 0.873000000000000 21488641115220.000000000000000
37.403294330000001 -122.051451560000004 -15.272215839999999 263.959000000000003 -5.188000000000000 0.882000000000000 21488677040916.000000000000000
37.403294230000000 -122.051452260000005 -15.271209720000000 264.189000000000021 -5.202000000000000 0.891000000000000 21488713037256.000000000000000
37.403294140000000 -122.051452949999998 -15.269802090000001 264.418000000000006 -5.218000000000000 0.909000000000000 21488749136076.000000000000000
37.403294039999999 -122.051453640000005 -15.268301960000001 264.639999999999986 -5.230000000000000 0.933000000000000 21488785041708.000000000000000
37.403293939999998 -122.051454329999999 -15.267631529999999 264.867999999999995 -5.239000000000000 0.960000000000000 21488820935100.000000000000000
37.403293849999997 -122.051455030000000 -15.266727449999999 265.089999999999975 -5.251000000000000 0.989000000000000 21488857248132.000000000000000
37.403293750000003 -122.051455720000007 -15.265324590000001 265.317999999999984 -5.258000000000000 1.014000000000000 21488893067580.000000000000000
37.403293660000003 -122.051456430000002 -15.265023230000001 265.543999999999983 -5.267000000000000 1.029000000000000 21488929013664.000000000000000
37.403293570000002 -122.051457130000003 -15.263772010000000 265.779999999999973 -5.286000000000000 1.025000000000000 21488964961332.000000000000000
37.403293480000002 -122.051457830000004 -15.262582780000001 266.014999999999986 -5.321000000000000 0.989000000000000 21489001078764.000000000000000
37.403293400000003 -122.051458539999999 -15.261707310000000 266.247000000000014 -5.352000000000000 0.956000000000000 21489036996732.000000000000000
37.403293329999997 -122.051459249999994 -15.260198590000000 266.478999999999985 -5.366000000000000 0.932000000000000 21489073662156.000000000000000
37.403293240000004 -122.051459960000003 -15.258923530000001 266.699000000000012 -5.361000000000000 0.934000000000000 21489109246716.000000000000000
37.403293159999997 -122.051460669999997 -15.258128170000001 266.927999999999997 -5.351000000000000 0.940000000000000 21489145048476.000000000000000
37.403293089999998 -122.051461390000000 -15.256864550000000 267.151999999999987 -5.354000000000000 0.946000000000000 21489181075704.000000000000000
37.403293020000000 -122.051462099999995 -15.255478860000000 267.382999999999981 -5.361000000000000 0.922000000000000 21489217029912.000000000000000
37.403292950000001 -122.051462810000004 -15.254267690000001 267.608999999999980 -5.381000000000000 0.884000000000000 21489252986100.000000000000000
37.403292880000002 -122.051463530000007 -15.253062249999999 267.843000000000018 -5.409000000000000 0.835000000000000 21489289669212.000000000000000
37.403292810000003 -122.051464249999995 -15.251899720000001 268.067000000000007 -5.436000000000000 0.796000000000000 21489325038060.000000000000000
37.403292749999999 -122.051464969999998 -15.250673290000000 268.288000000000011 -5.453000000000000 0.777000000000000 21489360993372.000000000000000
37.403292690000001 -122.051465699999994 -15.249547959999999 268.512000000000000 -5.458000000000000 0.775000000000000 21489397130724.000000000000000
37.403292620000002 -122.051466419999997 -15.248381609999999 268.725999999999999 -5.462000000000000 0.779000000000000 21489433726176.000000000000000
37.403292559999997 -122.051467149999993 -15.247333530000001 268.947999999999979 -5.467000000000000 0.778000000000000 21489469131828.000000000000000
37.403292510000000 -122.051467880000004 -15.246392250000000 269.168000000000006 -5.484000000000000 0.779000000000000 21489505052280.000000000000000
37.403292450000002 -122.051468600000007 -15.245211599999999 269.389000000000010 -5.494000000000000 0.783000000000000 21489541073508.000000000000000
37.403292399999998 -122.051469339999997 -15.244256020000000 269.608999999999980 -5.509000000000000 0.794000000000000 21489576997116.000000000000000
37.403292360000002 -122.051470069999993 -15.243282320000000 269.826999999999998 -5.519000000000000 0.807000000000000 21489613057476.000000000000000
37.403292299999997 -122.051470800000004 -15.242300990000000 270.041999999999973 -5.526000000000000 0.822000000000000 21489648990900.000000000000000
37.403292260000001 -122.051471539999994 -15.241388320000000 270.254999999999995 -5.532000000000000 0.832000000000000 21489685031340.000000000000000
37.403292219999997 -122.051472279999999 -15.240483279999999 270.468999999999994 -5.539000000000000 0.835000000000000 21489721281228.000000000000000
37.403292180000001 -122.051473020000003 -15.239501000000001 270.689999999999998 -5.554000000000000 0.840000000000000 21489757048524.000000000000000
37.403292139999998 -122.051473770000001 -15.238688470000000 270.901000000000010 -5.566000000000000 0.843000000000000 21489792984096.000000000000000
37.403292110000002 -122.051474510000006 -15.237830160000000 271.115999999999985 -5.576000000000000 0.848000000000000 21489829126812.000000000000000
37.403292069999999 -122.051475249999996 -15.236960410000000 271.329999999999984 -5.582000000000000 0.851000000000000 21489865041912.000000000000000
37.403292039999997 -122.051475999999994 -15.236186979999999 271.540999999999997 -5.586000000000000 0.861000000000000 21489900984828.000000000000000
37.403292020000002 -122.051476750000006 -15.235300060000000 271.752000000000010 -5.595000000000000 0.866000000000000 21489937002984.000000000000000
37.403291990000000 -122.051477500000004 -15.234455110000001 271.961000000000013 -5.607000000000000 0.875000000000000 21489973048752.000000000000000
37.403291969999998 -122.051478250000002 -15.233758930000000 272.166999999999973 -5.621000000000000 0.883000000000000 21490009464024.000000000000000
37.403291959999997 -122.051479009999994 -15.232685090000000 272.382000000000005 -5.635000000000000 0.895000000000000 21490045264692.000000000000000
37.403291940000003 -122.051479760000007 -15.231674190000000 272.586000000000013 -5.652000000000000 0.911000000000000 21490081053720.000000000000000
37.403291930000002 -122.051480519999998 -15.230695720000000 272.786999999999978 -5.670000000000000 0.925000000000000 21490116967860.000000000000000
37.403291920000001 -122.051481280000004 -15.229307170000000 272.990000000000009 -5.687000000000000 0.938000000000000 21490153184328.000000000000000
37.403291910000000 -122.051482030000003 -15.228283879999999 273.189999999999998 -5.700000000000000 0.946000000000000 21490188987624.000000000000000
37.403291899999999 -122.051482800000002 -15.227298740000000 273.392999999999972 -5.710000000000000 0.953000000000000 21490224929676.000000000000000
37.403291899999999 -122.051483559999994 -15.226178170000001 273.598999999999990 -5.716000000000000 0.964000000000000 21490261088904.000000000000000
37.403291899999999 -122.051484320000000 -15.224827769999999 273.798999999999978 -5.728000000000000 0.975000000000000 21490297032288.000000000000000
37.403291899999999 -122.051485090000000 -15.224022870000001 274.002000000000010 -5.730000000000000 0.976000000000000 21490333007688.000000000000000
37.403291910000000 -122.051485860000000 -15.223029140000000 274.199999999999989 -5.739000000000000 0.970000000000000 21490369050012.000000000000000
37.403291920000001 -122.051486629999999 -15.221959110000000 274.396999999999991 -5.740000000000000 0.959000000000000 21490405028376.000000000000000
37.403291930000002 -122.051487399999999 -15.221581459999999 274.598999999999990 -5.734000000000000 0.945000000000000 21490441496880.000000000000000
37.403291940000003 -122.051488169999999 -15.221308710000001 274.805000000000007 -5.735000000000000 0.925000000000000 21490476997644.000000000000000
37.403291950000003 -122.051488939999999 -15.220424650000000 275.007000000000005 -5.732000000000000 0.896000000000000 21490513004952.000000000000000
37.403291969999998 -122.051489720000006 -15.220590590000000 275.216999999999985 -5.738000000000000 0.852000000000000 21490548897912.000000000000000
37.403291990000000 -122.051490500000000 -15.220469469999999 275.422000000000025 -5.755000000000000 0.809000000000000 21490585147740.000000000000000
37.403292000000000 -122.051491279999993 -15.220201490000001 275.625999999999976 -5.766000000000000 0.767000000000000 21490621042284.000000000000000
37.403292020000002 -122.051492060000001 -15.220233920000000 275.829000000000008 -5.770000000000000 0.731000000000000 21490656962112.000000000000000
37.403292049999997 -122.051492839999995 -15.219998360000000 276.031000000000006 -5.764000000000000 0.711000000000000 21490692974460.000000000000000
37.403292069999999 -122.051493620000002 -15.219834329999999 276.240000000000009 -5.754000000000000 0.700000000000000 21490728965916.000000000000000
37.403292090000001 -122.051494399999996 -15.219378470000001 276.446000000000026 -5.740000000000000 0.706000000000000 21490764990312.000000000000000
37.403292120000003 -122.051495189999997 -15.219377520000000 276.658999999999992 -5.728000000000000 0.709000000000000 21490801013832.000000000000000
37.403292139999998 -122.051495970000005 -15.218979839999999 276.870000000000005 -5.711000000000000 0.700000000000000 21490837011996.000000000000000
37.403292170000000 -122.051496760000006 -15.218543049999999 277.077999999999975 -5.706000000000000 0.683000000000000 21490873446792.000000000000000
37.403292209999996 -122.051497549999993 -15.218312259999999 277.286999999999978 -5.696000000000000 0.653000000000000 21490909156092.000000000000000
37.403292239999999 -122.051498330000001 -15.218238830000001 277.492999999999995 -5.686000000000000 0.633000000000000 21490945041432.000000000000000
37.403292270000001 -122.051499120000003 -15.217697140000000 277.704000000000008 -5.675000000000000 0.621000000000000 21490980965736.000000000000000
37.403292319999998 -122.051499919999998 -15.217398640000001 277.913000000000011 -5.660000000000000 0.613000000000000 21491017157112.000000000000000
37.403292350000001 -122.051500709999999 -15.217212679999999 278.122000000000014 -5.638000000000000 0.605000000000000 21491053041672.000000000000000
37.403292399999998 -122.051501500000001 -15.216800689999999 278.334000000000003 -5.628000000000000 0.590000000000000 21491088914232.000000000000000
37.403292450000002 -122.051502299999996 -15.216506960000000 278.543000000000006 -5.622000000000000 0.566000000000000 21491124994860.000000000000000
37.403292489999998 -122.051503089999997 -15.216173169999999 278.752999999999986 -5.624000000000000 0.540000000000000 21491161124568.000000000000000
37.403292540000002 -122.051503890000006 -15.215627670000000 278.961000000000013 -5.624000000000000 0.519000000000000 21491196963240.000000000000000
37.403292600000000 -122.051504690000002 -15.215104100000000 279.168999999999983 -5.621000000000000 0.505000000000000 21491233006992.000000000000000
37.403292649999997 -122.051505489999997 -15.214827540000000 279.379000000000019 -5.614000000000000 0.501000000000000 21491269436892.000000000000000
37.403292710000002 -122.051506290000006 -15.214117999999999 279.584999999999980 -5.610000000000000 0.495000000000000 21491305045356.000000000000000
37.403292770000000 -122.051507090000001 -15.213501930000000 279.793999999999983 -5.609000000000000 0.487000000000000 21491340960384.000000000000000
37.403292829999998 -122.051507889999996 -15.213025090000000 280.002000000000010 -5.610000000000000 0.475000000000000 21491376914256.000000000000000
37.403292899999997 -122.051508699999999 -15.213582990000001 280.211999999999989 -5.614000000000000 0.466000000000000 21491412839640.000000000000000
37.403292970000003 -122.051509499999995 -15.212997440000001 280.418000000000006 -5.611000000000000 0.457000000000000 21491449082172.000000000000000
37.403293040000001 -122.051510309999998 -15.212328910000000 280.629000000000019 -5.610000000000000 0.453000000000000 21491484986940.000000000000000
37.403293110000000 -122.051511120000001 -15.212737080000000 280.834000000000003 -5.605000000000000 0.445000000000000 21491521035708.000000000000000
37.403293189999999 -122.051511930000004 -15.212090490000000 281.041999999999973 -5.605000000000000 0.442000000000000 21491556971448.000000000000000
37.403293269999999 -122.051512729999999 -15.211524960000000 281.247999999999990 -5.601000000000000 0.437000000000000 21491592969000.000000000000000
37.403293349999998 -122.051513549999996 -15.211915970000000 281.456000000000017 -5.601000000000000 0.441000000000000 21491628929244.000000000000000
37.403293439999999 -122.051514359999999 -15.211343769999999 281.661999999999978 -5.605000000000000 0.443000000000000 21491664974544.000000000000000
37.403293519999998 -122.051515170000002 -15.210641860000001 281.865999999999985 -5.611000000000000 0.443000000000000 21491700981000.000000000000000
37.403293609999999 -122.051515989999999 -15.210932730000000 282.076999999999998 -5.618000000000000 0.435000000000000 21491736901068.000000000000000
37.403293699999999 -122.051516800000002 -15.210218429999999 282.283999999999992 -5.626000000000000 0.425000000000000 21491772940224.000000000000000
37.403293789999999 -122.051517610000005 -15.209646220000000 282.490000000000009 -5.631000000000000 0.415000000000000 21491809342896.000000000000000
37.403293890000000 -122.051518430000002 -15.209988590000000 282.694999999999993 -5.637000000000000 0.410000000000000 21491844954372.000000000000000
37.403293990000002 -122.051519249999998 -15.209352490000001 282.903000000000020 -5.642000000000000 0.408000000000000 21491881151736.000000000000000
37.403294090000003 -122.051520060000001 -15.208579060000000 283.110999999999990 -5.649000000000000 0.403000000000000 21491916952944.000000000000000
37.403294199999998 -122.051520890000006 -15.208880420000000 283.314999999999998 -5.658000000000000 0.387000000000000 21491952812568.000000000000000
37.403294310000000 -122.051521710000003 -15.208136560000000 283.521000000000015 -5.673000000000000 0.370000000000000 21491988931452.000000000000000
37.403294410000001 -122.051522520000006 -15.207407950000000 283.725999999999999 -5.688000000000000 0.351000000000000 21492024921264.000000000000000
37.403294529999997 -122.051523349999997 -15.207504269999999 283.932000000000016 -5.706000000000000 0.334000000000000 21492060993552.000000000000000
37.403294649999999 -122.051524169999993 -15.206563950000000 284.134999999999991 -5.722000000000000 0.324000000000000 21492096921624.000000000000000
37.403294760000001 -122.051524990000004 -15.205789570000000 284.336000000000013 -5.737000000000000 0.314000000000000 21492132926592.000000000000000
37.403294879999997 -122.051525810000001 -15.203817369999999 284.538000000000011 -5.756000000000000 0.302000000000000 21492169054296.000000000000000
37.403295000000000 -122.051526629999998 -15.202721600000000 284.738000000000000 -5.777000000000000 0.295000000000000 21492205132212.000000000000000
37.403295120000003 -122.051527460000003 -15.201727869999999 284.939000000000021 -5.802000000000000 0.290000000000000 21492240923292.000000000000000
37.403295249999999 -122.051528279999999 -15.199641229999999 285.136000000000024 -5.828000000000000 0.282000000000000 21492276843684.000000000000000
37.403295389999997 -122.051529110000004 -15.198360440000000 285.334999999999980 -5.860000000000000 0.276000000000000 21492313120428.000000000000000
37.403295510000000 -122.051529930000001 -15.197279930000001 285.533999999999992 -5.888000000000000 0.270000000000000 21492348953616.000000000000000
