37.393994489999997 -122.051216150000002 -10.758432389999999 323.880999999999972 -7.028000000000000 -0.240000000000000 7384765587132.000000000000000
37.393995680000003 -122.051217249999993 -10.759408000000001 323.875999999999976 -7.012000000000000 -0.217000000000000 7384801823280.000000000000000
37.393996870000002 -122.051218359999993 -10.760793690000000 323.870999999999981 -7.015000000000000 -0.192000000000000 7384838044140.000000000000000
37.393998070000002 -122.051219459999999 -10.761000630000000 323.867000000000019 -7.024000000000000 -0.189000000000000 7384873823292.000000000000000
37.393999260000001 -122.051220569999998 -10.761924740000000 323.863999999999976 -7.036000000000000 -0.221000000000000 7384909884480.000000000000000
37.394000460000001 -122.051221679999998 -10.762614250000000 323.867000000000019 -7.045000000000000 -0.270000000000000 7384945633368.000000000000000
37.394001650000000 -122.051222780000003 -10.764108660000000 323.865000000000009 -7.046000000000000 -0.291000000000000 7384981736028.000000000000000
37.394002839999999 -122.051223890000003 -10.765210150000000 323.865000000000009 -7.036000000000000 -0.277000000000000 7385017639404.000000000000000
37.394004039999999 -122.051225000000002 -10.766523360000001 323.860000000000014 -7.000000000000000 -0.226000000000000 7385053782924.000000000000000
37.394005229999998 -122.051226110000002 -10.767149930000000 323.860000000000014 -6.959000000000000 -0.182000000000000 7385089645320.000000000000000
37.394006429999997 -122.051227220000001 -10.768433569999999 323.857000000000028 -6.920000000000000 -0.174000000000000 7385125697316.000000000000000
37.394007619999996 -122.051228330000001 -10.769798280000000 323.853999999999985 -6.895000000000000 -0.193000000000000 7385161772148.000000000000000
37.394008810000003 -122.051229430000006 -10.770987509999999 323.850000000000023 -6.870000000000000 -0.232000000000000 7385197704780.000000000000000
37.394010010000002 -122.051230540000006 -10.772251130000001 323.846000000000004 -6.846000000000000 -0.264000000000000 7385233640172.000000000000000
37.394011200000001 -122.051231650000005 -10.773737909999999 323.846000000000004 -6.812000000000000 -0.260000000000000 7385269828872.000000000000000
37.394012400000001 -122.051232760000005 -10.775427820000001 323.843999999999994 -6.750000000000000 -0.225000000000000 7385306105004.000000000000000
37.394013590000000 -122.051233870000004 -10.777870180000001 323.845000000000027 -6.667000000000000 -0.156000000000000 7385341817544.000000000000000
37.394014790000000 -122.051234980000004 -10.780269620000000 323.848000000000013 -6.569000000000000 -0.156000000000000 7385377689192.000000000000000
37.394015990000000 -122.051236090000003 -10.781088830000000 323.848999999999990 -6.515000000000000 -0.230000000000000 7385413719636.000000000000000
37.394017179999999 -122.051237200000003 -10.782453540000001 323.846999999999980 -6.521000000000000 -0.349000000000000 7385449602960.000000000000000
37.394018379999999 -122.051238299999994 -10.782804490000000 323.845000000000027 -6.515000000000000 -0.532000000000000 7385485644192.000000000000000
37.394019579999998 -122.051239420000002 -10.785495760000000 323.834000000000003 -6.495000000000000 -0.660000000000000 7385521785972.000000000000000
37.394020769999997 -122.051240519999993 -10.785965920000001 323.827999999999975 -6.484000000000000 -0.597000000000000 7385557647156.000000000000000
37.394021969999997 -122.051241630000007 -10.786673550000000 323.822999999999979 -6.422000000000000 -0.504000000000000 7385593668996.000000000000000
37.394023169999997 -122.051242740000006 -10.786659240000001 323.821000000000026 -6.373000000000000 -0.404000000000000 7385629674492.000000000000000
37.394024360000003 -122.051243850000006 -10.786616329999999 323.817000000000007 -6.319000000000000 -0.376000000000000 7385665733208.000000000000000
37.394025550000002 -122.051244960000005 -10.785717959999999 323.805999999999983 -6.320000000000000 -0.387000000000000 7385701666500.000000000000000
37.394026750000002 -122.051246070000005 -10.786714549999999 323.802000000000021 -6.339000000000000 -0.429000000000000 7385738386500.000000000000000
37.394027940000001 -122.051247180000004 -10.785741809999999 323.797000000000025 -6.368000000000000 -0.523000000000000 7385774087940.000000000000000
37.394029140000001 -122.051248279999996 -10.783874510000000 323.788999999999987 -6.406000000000000 -0.540000000000000 7385809591728.000000000000000
37.394030330000000 -122.051249389999995 -10.783634190000001 323.783000000000015 -6.418000000000000 -0.466000000000000 7385845661352.000000000000000
37.394031519999999 -122.051250499999995 -10.781960489999999 323.773000000000025 -6.412000000000000 -0.383000000000000 7385881744212.000000000000000
37.394032709999998 -122.051251609999994 -10.780278210000001 323.764000000000010 -6.394000000000000 -0.306000000000000 7385917700892.000000000000000
37.394033909999997 -122.051252719999994 -10.778738020000000 323.762999999999977 -6.406000000000000 -0.235000000000000 7385953648848.000000000000000
37.394035100000004 -122.051253829999993 -10.777208330000001 323.757999999999981 -6.436000000000000 -0.217000000000000 7385989629576.000000000000000
37.394036290000003 -122.051254940000007 -10.775527000000000 323.754999999999995 -6.474000000000000 -0.229000000000000 7386025661808.000000000000000
37.394037490000002 -122.051256050000006 -10.774159429999999 323.747999999999990 -6.517000000000000 -0.230000000000000 7386061667916.000000000000000
37.394038680000001 -122.051257160000006 -10.772698399999999 323.744000000000028 -6.550000000000000 -0.223000000000000 7386097783092.000000000000000
37.394039870000000 -122.051258259999997 -10.771385190000000 323.742000000000019 -6.575000000000000 -0.197000000000000 7386133563144.000000000000000
37.394041070000000 -122.051259369999997 -10.769775390000000 323.733999999999980 -6.599000000000000 -0.156000000000000 7386170211744.000000000000000
37.394042259999999 -122.051260479999996 -10.768602370000000 323.730999999999995 -6.626000000000000 -0.120000000000000 7386206026668.000000000000000
37.394043449999998 -122.051261589999996 -10.767558100000000 323.723000000000013 -6.653000000000000 -0.106000000000000 7386241705752.000000000000000
37.394044649999998 -122.051262699999995 -10.766303060000000 323.720000000000027 -6.682000000000000 -0.104000000000000 7386277709988.000000000000000
37.394045839999997 -122.051263809999995 -10.765252110000000 323.711000000000013 -6.708000000000000 -0.106000000000000 7386313614228.000000000000000
37.394047030000003 -122.051264919999994 -10.764581679999999 323.702999999999975 -6.733000000000000 -0.096000000000000 7386349692564.000000000000000
37.394048230000003 -122.051266029999994 -10.763712880000000 323.692999999999984 -6.756000000000000 -0.039000000000000 7386385689108.000000000000000
37.394049420000002 -122.051267139999993 -10.763348580000001 323.687000000000012 -6.773000000000000 0.057000000000000 7386421636356.000000000000000
37.394050610000001 -122.051268250000007 -10.763221740000001 323.677000000000021 -6.787000000000000 0.146000000000000 7386457657572.000000000000000
37.394051810000001 -122.051269360000006 -10.762771610000000 323.670000000000016 -6.782000000000000 0.190000000000000 7386493661712.000000000000000
37.394053000000000 -122.051270470000006 -10.762970920000001 323.665000000000020 -6.761000000000000 0.198000000000000 7386529547604.000000000000000
37.394054199999999 -122.051271580000005 -10.763504980000000 323.656000000000006 -6.759000000000000 0.196000000000000 7386565647636.000000000000000
37.394055389999998 -122.051272679999997 -10.763347630000000 323.649999999999977 -6.769000000000000 0.161000000000000 7386601715556.000000000000000
37.394056589999998 -122.051273789999996 -10.763722420000001 323.646000000000015 -6.797000000000000 0.112000000000000 7386637833156.000000000000000
37.394057789999998 -122.051274899999996 -10.763724330000001 323.639000000000010 -6.824000000000000 0.084000000000000 7386674286972.000000000000000
37.394058979999997 -122.051276009999995 -10.764287950000000 323.637000000000000 -6.833000000000000 0.091000000000000 7386709610256.000000000000000
37.394060179999997 -122.051277119999995 -10.764401440000000 323.630999999999972 -6.814000000000000 0.098000000000000 7386745709124.000000000000000
37.394061370000003 -122.051278229999994 -10.764608380000000 323.629999999999995 -6.800000000000000 0.115000000000000 7386781584240.000000000000000
37.394062570000003 -122.051279339999994 -10.764464380000000 323.629999999999995 -6.804000000000000 0.123000000000000 7386817652724.000000000000000
37.394063760000002 -122.051280449999993 -10.764410020000000 323.630999999999972 -6.819000000000000 0.099000000000000 7386853752228.000000000000000
37.394064950000001 -122.051281560000007 -10.764188770000001 323.632999999999981 -6.851000000000000 0.082000000000000 7386889622232.000000000000000
37.394066150000000 -122.051282670000006 -10.764516830000000 323.632999999999981 -6.870000000000000 0.081000000000000 7386925609416.000000000000000
37.394067339999999 -122.051283780000006 -10.764487270000000 323.634000000000015 -6.876000000000000 0.112000000000000 7386961688556.000000000000000
37.394068539999999 -122.051284890000005 -10.764620780000000 323.629000000000019 -6.868000000000000 0.148000000000000 7386997682100.000000000000000
37.394069729999998 -122.051286000000005 -10.764311790000001 323.625000000000000 -6.869000000000000 0.177000000000000 7387033593108.000000000000000
37.394070919999997 -122.051287110000004 -10.764323230000000 323.622999999999990 -6.870000000000000 0.191000000000000 7387069919040.000000000000000
37.394072119999997 -122.051288229999997 -10.764279370000001 323.625000000000000 -6.888000000000000 0.174000000000000 7387105922856.000000000000000
37.394073310000003 -122.051289339999997 -10.764249800000000 323.630999999999972 -6.919000000000000 0.150000000000000 7387141715496.000000000000000
37.394074500000002 -122.051290449999996 -10.763973240000000 323.636000000000024 -6.958000000000000 0.135000000000000 7387177612596.000000000000000
37.394075690000001 -122.051291559999996 -10.763427730000000 323.639999999999986 -6.997000000000000 0.147000000000000 7387213672584.000000000000000
37.394076890000001 -122.051292680000003 -10.763586040000000 323.637999999999977 -7.015000000000000 0.189000000000000 7387249843272.000000000000000
37.394078080000000 -122.051293790000003 -10.763220790000000 323.636000000000024 -7.023000000000000 0.241000000000000 7387285553112.000000000000000
37.394079269999999 -122.051294900000002 -10.763281820000000 323.637999999999977 -7.027000000000000 0.279000000000000 7387321622148.000000000000000
37.394080459999998 -122.051296010000002 -10.762825010000000 323.642999999999972 -7.037000000000000 0.292000000000000 7387357440276.000000000000000
37.394081659999998 -122.051297120000001 -10.762855530000000 323.651000000000010 -7.066000000000000 0.286000000000000 7387393546308.000000000000000
37.394082849999997 -122.051298239999994 -10.762574200000000 323.656000000000006 -7.106000000000000 0.260000000000000 7387429665432.000000000000000
37.394084040000003 -122.051299349999994 -10.762970920000001 323.658999999999992 -7.134000000000000 0.215000000000000 7387465606776.000000000000000
37.394085240000003 -122.051300459999993 -10.763005260000000 323.656000000000006 -7.152000000000000 0.204000000000000 7387501738260.000000000000000
37.394086430000002 -122.051301570000007 -10.763680460000000 323.661999999999978 -7.148000000000000 0.225000000000000 7387538093844.000000000000000
37.394087620000001 -122.051302690000000 -10.763573650000000 323.663999999999987 -7.146000000000000 0.268000000000000 7387573697544.000000000000000
37.394088820000000 -122.051303799999999 -10.764235500000000 323.665999999999997 -7.141000000000000 0.303000000000000 7387609551948.000000000000000
37.394090009999999 -122.051304909999999 -10.765109060000000 323.668999999999983 -7.147000000000000 0.311000000000000 7387645640628.000000000000000
37.394091199999998 -122.051306019999998 -10.765951160000000 323.670999999999992 -7.144000000000000 0.296000000000000 7387681444020.000000000000000
37.394092399999998 -122.051307140000006 -10.767229080000000 323.670999999999992 -7.141000000000000 0.292000000000000 7387717558368.000000000000000
37.394093599999998 -122.051308250000005 -10.769281390000000 323.673999999999978 -7.120000000000000 0.294000000000000 7387753664820.000000000000000
37.394094789999997 -122.051309360000005 -10.770118710000000 323.677000000000021 -7.096000000000000 0.306000000000000 7387789669032.000000000000000
37.394095989999997 -122.051310479999998 -10.771927829999999 323.680000000000007 -7.062000000000000 0.306000000000000 7387825490520.000000000000000
37.394097180000003 -122.051311589999997 -10.773735050000001 323.680000000000007 -7.039000000000000 0.283000000000000 7387861650792.000000000000000
37.394098380000003 -122.051312699999997 -10.775807380000000 323.684000000000026 -7.023000000000000 0.239000000000000 7387897604376.000000000000000
37.394099570000002 -122.051313820000004 -10.777512550000001 323.682000000000016 -7.011000000000000 0.214000000000000 7387933732164.000000000000000
37.394100770000001 -122.051314930000004 -10.778979300000000 323.684000000000026 -6.998000000000000 0.211000000000000 7387970038404.000000000000000
37.394101970000001 -122.051316040000003 -10.780671119999999 323.687999999999988 -6.971000000000000 0.221000000000000 7388006030424.000000000000000
37.394103160000000 -122.051317159999996 -10.782127380000000 323.687999999999988 -6.936000000000000 0.243000000000000 7388041513596.000000000000000
37.394104360000000 -122.051318269999996 -10.783568380000000 323.689999999999998 -6.910000000000000 0.258000000000000 7388077639224.000000000000000
37.394105549999999 -122.051319379999995 -10.784881589999999 323.692999999999984 -6.889000000000000 0.261000000000000 7388113606440.000000000000000
37.394106749999999 -122.051320489999995 -10.786050800000000 323.697000000000003 -6.880000000000000 0.251000000000000 7388149502820.000000000000000
37.394107949999999 -122.051321610000002 -10.786803250000000 323.697999999999979 -6.871000000000000 0.232000000000000 7388185617204.000000000000000
37.394109139999998 -122.051322720000002 -10.788259510000000 323.694999999999993 -6.851000000000000 0.220000000000000 7388221637652.000000000000000
37.394110339999997 -122.051323830000001 -10.789054869999999 323.699000000000012 -6.834000000000000 0.225000000000000 7388257530180.000000000000000
37.394111539999997 -122.051324949999994 -10.789521219999999 323.699000000000012 -6.821000000000000 0.240000000000000 7388293636188.000000000000000
37.394112739999997 -122.051326059999994 -10.790185930000000 323.699999999999989 -6.818000000000000 0.252000000000000 7388329656120.000000000000000
37.394113930000003 -122.051327169999993 -10.790404320000000 323.701999999999998 -6.816000000000000 0.243000000000000 7388365681260.000000000000000
37.394115130000003 -122.051328280000007 -10.790451050000000 323.704000000000008 -6.814000000000000 0.232000000000000 7388401700964.000000000000000
37.394116330000003 -122.051329400000000 -10.790851590000001 323.704999999999984 -6.818000000000000 0.222000000000000 7388438019252.000000000000000
37.394117520000002 -122.051330510000000 -10.790801050000001 323.706999999999994 -6.831000000000000 0.222000000000000 7388473696992.000000000000000
37.394118720000002 -122.051331619999999 -10.790669440000000 323.708000000000027 -6.839000000000000 0.232000000000000 7388509642596.000000000000000
37.394119920000001 -122.051332729999999 -10.790598870000000 323.708000000000027 -6.849000000000000 0.247000000000000 7388545602852.000000000000000
37.394121110000000 -122.051333850000006 -10.790411949999999 323.706999999999994 -6.850000000000000 0.259000000000000 7388581694340.000000000000000
37.394122310000000 -122.051334960000005 -10.790392880000001 323.706999999999994 -6.853000000000000 0.267000000000000 7388617594404.000000000000000
37.394123510000000 -122.051336070000005 -10.790347100000000 323.706000000000017 -6.863000000000000 0.275000000000000 7388653825704.000000000000000
37.394124699999999 -122.051337189999998 -10.790400510000000 323.706000000000017 -6.873000000000000 0.288000000000000 7388689464648.000000000000000
37.394125899999999 -122.051338299999998 -10.790423390000001 323.706000000000017 -6.888000000000000 0.288000000000000 7388725707684.000000000000000
37.394127099999999 -122.051339409999997 -10.790531160000000 323.704000000000008 -6.894000000000000 0.284000000000000 7388761715064.000000000000000
37.394128299999998 -122.051340519999997 -10.790746690000001 323.702999999999975 -6.901000000000000 0.280000000000000 7388797591224.000000000000000
37.394129499999998 -122.051341640000004 -10.791136740000001 323.699999999999989 -6.906000000000000 0.287000000000000 7388833846104.000000000000000
37.394130689999997 -122.051342750000003 -10.791103359999999 323.699000000000012 -6.918000000000000 0.296000000000000 7388870237892.000000000000000
37.394131889999997 -122.051343860000003 -10.791310310000000 323.697000000000003 -6.932000000000000 0.297000000000000 7388905540512.000000000000000
37.394133089999997 -122.051344979999996 -10.791615490000000 323.692999999999984 -6.932000000000000 0.301000000000000 7388941632648.000000000000000
37.394134289999997 -122.051346089999996 -10.792275430000000 323.687000000000012 -6.930000000000000 0.310000000000000 7388977600200.000000000000000
37.394135489999996 -122.051347199999995 -10.792921070000000 323.687999999999988 -6.925000000000000 0.323000000000000 7389013500636.000000000000000
37.394136690000003 -122.051348320000002 -10.793729780000000 323.685000000000002 -6.929000000000000 0.338000000000000 7389049562880.000000000000000
37.394137890000003 -122.051349430000002 -10.793958659999999 323.682000000000016 -6.937000000000000 0.338000000000000 7389085580004.000000000000000
37.394139090000003 -122.051350549999995 -10.794565199999999 323.680000000000007 -6.941000000000000 0.323000000000000 7389121431912.000000000000000
37.394140290000003 -122.051351659999995 -10.795248030000000 323.675000000000011 -6.940000000000000 0.311000000000000 7389157600392.000000000000000
37.394141490000003 -122.051352769999994 -10.796169280000001 323.672000000000025 -6.938000000000000 0.310000000000000 7389193609908.000000000000000
37.394142690000002 -122.051353890000001 -10.796947480000000 323.668999999999983 -6.938000000000000 0.322000000000000 7389229572012.000000000000000
37.394143890000002 -122.051355000000001 -10.797483440000001 323.668999999999983 -6.938000000000000 0.330000000000000 7389265681332.000000000000000
37.394145090000002 -122.051356119999994 -10.798161510000000 323.661999999999978 -6.927000000000000 0.328000000000000 7389301631112.000000000000000
37.394146290000002 -122.051357229999994 -10.798764230000000 323.658000000000015 -6.926000000000000 0.322000000000000 7389338108580.000000000000000
37.394147490000002 -122.051358339999993 -10.799478530000000 323.653999999999996 -6.925000000000000 0.320000000000000 7389373702548.000000000000000
37.394148690000002 -122.051359460000000 -10.799983020000001 323.651999999999987 -6.921000000000000 0.336000000000000 7389409579236.000000000000000
37.394149890000001 -122.051360570000000 -10.800784110000000 323.649999999999977 -6.914000000000000 0.358000000000000 7389445526016.000000000000000
37.394151090000001 -122.051361689999993 -10.801652910000000 323.646999999999991 -6.897000000000000 0.372000000000000 7389481551972.000000000000000
37.394152290000001 -122.051362800000007 -10.802525520000000 323.642999999999972 -6.881000000000000 0.372000000000000 7389517624836.000000000000000
37.394153490000001 -122.051363920000000 -10.803561210000000 323.641999999999996 -6.862000000000000 0.363000000000000 7389553573452.000000000000000
37.394154690000001 -122.051365039999993 -10.804621700000000 323.642999999999972 -6.852000000000000 0.348000000000000 7389589613796.000000000000000
37.394155890000000 -122.051366150000007 -10.805451390000000 323.641999999999996 -6.838000000000000 0.330000000000000 7389626550876.000000000000000
37.394157090000000 -122.051367270000000 -10.806249619999999 323.639000000000010 -6.822000000000000 0.305000000000000 7389661643592.000000000000000
37.394158290000000 -122.051368389999993 -10.806855199999999 323.636000000000024 -6.798000000000000 0.279000000000000 7389697633764.000000000000000
37.394159490000000 -122.051369500000007 -10.807822229999999 323.634000000000015 -6.785000000000000 0.268000000000000 7389733614528.000000000000000
37.394160690000000 -122.051370620000000 -10.808392520000000 323.630999999999972 -6.781000000000000 0.286000000000000 7389770030976.000000000000000
37.394161889999999 -122.051371730000000 -10.808969500000000 323.625999999999976 -6.769000000000000 0.316000000000000 7389805519392.000000000000000
37.394163089999999 -122.051372850000007 -10.809546470000001 323.625999999999976 -6.744000000000000 0.352000000000000 7389841587720.000000000000000
37.394164289999999 -122.051373970000000 -10.810226439999999 323.625000000000000 -6.714000000000000 0.367000000000000 7389877530168.000000000000000
37.394165489999999 -122.051375089999993 -10.810898780000000 323.620999999999981 -6.707000000000000 0.354000000000000 7389913560852.000000000000000
37.394166689999999 -122.051376200000007 -10.811337470000000 323.615000000000009 -6.721000000000000 0.339000000000000 7389949676868.000000000000000
37.394167899999999 -122.051377320000000 -10.811734200000000 323.612000000000023 -6.729000000000000 0.317000000000000 7389985492776.000000000000000
37.394169099999999 -122.051378439999993 -10.811909679999999 323.607000000000028 -6.732000000000000 0.320000000000000 7390021473012.000000000000000
37.394170289999998 -122.051379560000001 -10.812683110000000 323.601999999999975 -6.723000000000000 0.344000000000000 7390057477752.000000000000000
37.394171499999999 -122.051380670000000 -10.812858580000000 323.596999999999980 -6.708000000000000 0.370000000000000 7390093647348.000000000000000
37.394172699999999 -122.051381789999994 -10.812580110000001 323.593000000000018 -6.702000000000000 0.388000000000000 7390129405320.000000000000000
37.394173899999998 -122.051382910000001 -10.812507630000001 323.589999999999975 -6.702000000000000 0.364000000000000 7390165627896.000000000000000
37.394175099999998 -122.051384020000000 -10.811794280000001 323.584000000000003 -6.720000000000000 0.310000000000000 7390201379976.000000000000000
37.394176299999998 -122.051385139999994 -10.810200690000000 323.584000000000003 -6.749000000000000 0.249000000000000 7390237992396.000000000000000
37.394177499999998 -122.051386260000001 -10.810294150000001 323.583000000000027 -6.773000000000000 0.234000000000000 7390273937784.000000000000000
37.394178699999998 -122.051387370000000 -10.809313769999999 323.574000000000012 -6.792000000000000 0.296000000000000 7390309478232.000000000000000
37.394179899999997 -122.051388489999994 -10.808792110000001 323.569999999999993 -6.789000000000000 0.390000000000000 7390345464516.000000000000000
37.394181099999997 -122.051389599999993 -10.808058740000000 323.560999999999979 -6.755000000000000 0.473000000000000 7390381505964.000000000000000
37.394182299999997 -122.051390720000001 -10.807886119999999 323.555000000000007 -6.712000000000000 0.478000000000000 7390417470276.000000000000000
37.394183499999997 -122.051391839999994 -10.807654380000001 323.555000000000007 -6.710000000000000 0.433000000000000 7390453458720.000000000000000
37.394184709999998 -122.051392960000001 -10.807436940000001 323.548999999999978 -6.747000000000000 0.377000000000000 7390489471560.000000000000000
37.394185909999997 -122.051394079999994 -10.807095530000000 323.545999999999992 -6.803000000000000 0.297000000000000 7390525622952.000000000000000
37.394187109999997 -122.051395189999994 -10.806441310000000 323.540000000000020 -6.834000000000000 0.196000000000000 7390561637700.000000000000000
37.394188309999997 -122.051396310000001 -10.806092260000000 323.535000000000025 -6.869000000000000 0.197000000000000 7390597572180.000000000000000
37.394189509999997 -122.051397429999994 -10.805728909999999 323.528000000000020 -6.868000000000000 0.255000000000000 7390633539756.000000000000000
37.394190709999997 -122.051398550000002 -10.805525780000000 323.521000000000015 -6.854000000000000 0.313000000000000 7390670018424.000000000000000
37.394191910000004 -122.051399660000001 -10.804495810000001 323.516000000000020 -6.846000000000000 0.359000000000000 7390706019960.000000000000000
37.394193110000003 -122.051400779999994 -10.804197309999999 323.512000000000000 -6.870000000000000 0.389000000000000 7390741489488.000000000000000
37.394194310000003 -122.051401900000002 -10.804153440000000 323.505999999999972 -6.897000000000000 0.374000000000000 7390777412928.000000000000000
37.394195510000003 -122.051403019999995 -10.803916930000000 323.500000000000000 -6.918000000000000 0.333000000000000 7390813661136.000000000000000
37.394196710000003 -122.051404140000002 -10.803854940000001 323.497999999999990 -6.935000000000000 0.333000000000000 7390849476312.000000000000000
37.394197910000003 -122.051405259999996 -10.803955080000000 323.494000000000028 -6.941000000000000 0.346000000000000 7390885508820.000000000000000
37.394199110000002 -122.051406380000003 -10.803761480000000 323.488999999999976 -6.940000000000000 0.363000000000000 7390921531860.000000000000000
37.394200310000002 -122.051407499999996 -10.803840640000001 323.488000000000000 -6.941000000000000 0.381000000000000 7390957555560.000000000000000
37.394201510000002 -122.051408620000004 -10.804046630000000 323.480999999999995 -6.948000000000000 0.382000000000000 7390993525608.000000000000000
37.394202710000002 -122.051409739999997 -10.804033280000001 323.476999999999975 -6.959000000000000 0.372000000000000 7391029471176.000000000000000
37.394203910000002 -122.051410860000004 -10.804264070000000 323.473999999999990 -6.966000000000000 0.364000000000000 7391065427736.000000000000000
37.394205110000001 -122.051411979999997 -10.804566380000001 323.471999999999980 -6.974000000000000 0.359000000000000 7391101624896.000000000000000
37.394206310000001 -122.051413100000005 -10.804820060000001 323.468000000000018 -6.971000000000000 0.362000000000000 7391138042760.000000000000000
37.394207510000001 -122.051414219999998 -10.805298810000000 323.466999999999985 -6.968000000000000 0.369000000000000 7391173764108.000000000000000
37.394208710000001 -122.051415340000005 -10.805940630000000 323.463000000000022 -6.965000000000000 0.369000000000000 7391209541016.000000000000000
37.394209910000001 -122.051416459999999 -10.806342120000000 323.461999999999989 -6.967000000000000 0.365000000000000 7391245554804.000000000000000
37.394211100000000 -122.051417590000000 -10.807035450000001 323.458000000000027 -6.971000000000000 0.360000000000000 7391281486248.000000000000000
37.394212310000000 -122.051418709999993 -10.807752610000000 323.452999999999975 -6.965000000000000 0.350000000000000 7391317575684.000000000000000
37.394213499999999 -122.051419830000000 -10.808576580000000 323.449000000000012 -6.968000000000000 0.342000000000000 7391353496028.000000000000000
37.394214699999999 -122.051420949999994 -10.809340479999999 323.444999999999993 -6.964000000000000 0.340000000000000 7391389513584.000000000000000
37.394215899999999 -122.051422070000001 -10.810202600000000 323.442999999999984 -6.955000000000000 0.344000000000000 7391425476684.000000000000000
37.394217099999999 -122.051423189999994 -10.810866360000000 323.437000000000012 -6.951000000000000 0.345000000000000 7391461460784.000000000000000
37.394218299999999 -122.051424319999995 -10.811630250000000 323.437000000000012 -6.943000000000000 0.345000000000000 7391497494756.000000000000000
37.394219499999998 -122.051425440000003 -10.812370300000000 323.428999999999974 -6.929000000000000 0.343000000000000 7391533517904.000000000000000
37.394220699999998 -122.051426559999996 -10.813275340000001 323.425000000000011 -6.915000000000000 0.334000000000000 7391570066772.000000000000000
37.394221899999998 -122.051427680000003 -10.814028739999999 323.418000000000006 -6.907000000000000 0.328000000000000 7391605513992.000000000000000
37.394223099999998 -122.051428799999996 -10.814713480000000 323.413000000000011 -6.893000000000000 0.329000000000000 7391641482300.000000000000000
37.394224299999998 -122.051429920000004 -10.815417289999999 323.408999999999992 -6.875000000000000 0.326000000000000 7391677299264.000000000000000
37.394225499999997 -122.051431050000005 -10.816057210000000 323.408000000000015 -6.857000000000000 0.319000000000000 7391713600284.000000000000000
37.394226699999997 -122.051432169999998 -10.816697120000001 323.403000000000020 -6.844000000000000 0.304000000000000 7391749511676.000000000000000
37.394227899999997 -122.051433290000006 -10.817342760000001 323.399000000000001 -6.833000000000000 0.285000000000000 7391785468524.000000000000000
37.394229099999997 -122.051434409999999 -10.817988400000001 323.396999999999991 -6.823000000000000 0.270000000000000 7391821597848.000000000000000
37.394230299999997 -122.051435540000000 -10.818553919999999 323.394999999999982 -6.812000000000000 0.259000000000000 7391857585800.000000000000000
37.394231499999997 -122.051436659999993 -10.819112779999999 323.392999999999972 -6.801000000000000 0.249000000000000 7391893459416.000000000000000
37.394232700000003 -122.051437780000001 -10.819580080000000 323.389999999999986 -6.788000000000000 0.233000000000000 7391929525092.000000000000000
37.394233890000002 -122.051438910000002 -10.819962500000001 323.387999999999977 -6.777000000000000 0.220000000000000 7391965581108.000000000000000
37.394235090000002 -122.051440029999995 -10.820459370000000 323.384000000000015 -6.771000000000000 0.209000000000000 7392001452816.000000000000000
37.394236290000002 -122.051441150000002 -10.820682529999999 323.379999999999995 -6.766000000000000 0.202000000000000 7392037634808.000000000000000
37.394237490000002 -122.051442280000003 -10.820758820000000 323.379999999999995 -6.759000000000000 0.197000000000000 7392074236020.000000000000000
37.394238690000002 -122.051443399999997 -10.821102140000001 323.377000000000010 -6.751000000000000 0.188000000000000 7392109464936.000000000000000
37.394239880000001 -122.051444529999998 -10.821148870000000 323.375000000000000 -6.742000000000000 0.189000000000000 7392145409304.000000000000000
37.394241080000000 -122.051445650000005 -10.821046830000000 323.372999999999990 -6.737000000000000 0.190000000000000 7392181561224.000000000000000
37.394242280000000 -122.051446780000006 -10.821045880000000 323.370000000000005 -6.736000000000000 0.185000000000000 7392217474776.000000000000000
37.394243469999999 -122.051447899999999 -10.820866580000001 323.367999999999995 -6.733000000000000 0.182000000000000 7392253558428.000000000000000
37.394244669999999 -122.051449020000007 -10.820643420000000 323.365000000000009 -6.727000000000000 0.180000000000000 7392289460904.000000000000000
37.394245869999999 -122.051450149999994 -10.820610050000001 323.362000000000023 -6.720000000000000 0.187000000000000 7392325475952.000000000000000
37.394247059999998 -122.051451270000001 -10.820494650000001 323.358999999999980 -6.712000000000000 0.199000000000000 7392361478340.000000000000000
37.394248259999998 -122.051452400000002 -10.820386890000000 323.355000000000018 -6.707000000000000 0.212000000000000 7392397564872.000000000000000
37.394249459999997 -122.051453519999995 -10.820145610000001 323.353999999999985 -6.704000000000000 0.220000000000000 7392433471452.000000000000000
37.394250649999996 -122.051454649999997 -10.820073130000001 323.348999999999990 -6.703000000000000 0.222000000000000 7392469911348.000000000000000
37.394251850000003 -122.051455770000004 -10.820157999999999 323.345000000000027 -6.697000000000000 0.224000000000000 7392505570152.000000000000000
37.394253040000002 -122.051456900000005 -10.820076940000000 323.341999999999985 -6.693000000000000 0.228000000000000 7392541475556.000000000000000
37.394254240000002 -122.051458019999998 -10.820170400000000 323.336999999999989 -6.687000000000000 0.235000000000000 7392577410096.000000000000000
37.394255430000001 -122.051459149999999 -10.820126530000000 323.333000000000027 -6.690000000000000 0.240000000000000 7392613496748.000000000000000
37.394256630000001 -122.051460270000007 -10.820284839999999 323.329000000000008 -6.686000000000000 0.251000000000000 7392649407912.000000000000000
37.394257830000001 -122.051461399999994 -10.820258140000000 323.324999999999989 -6.681000000000000 0.261000000000000 7392685538244.000000000000000
37.394259020000000 -122.051462520000001 -10.820230479999999 323.317999999999984 -6.676000000000000 0.276000000000000 7392721565040.000000000000000
37.394260220000000 -122.051463650000002 -10.820137020000001 323.312999999999988 -6.672000000000000 0.284000000000000 7392757437120.000000000000000
37.394261409999999 -122.051464769999995 -10.820013050000000 323.307999999999993 -6.672000000000000 0.294000000000000 7392793487484.000000000000000
37.394262609999998 -122.051465899999997 -10.819711690000000 323.305000000000007 -6.675000000000000 0.298000000000000 7392829575972.000000000000000
37.394263809999998 -122.051467020000004 -10.819661139999999 323.300000000000011 -6.677000000000000 0.298000000000000 7392865482408.000000000000000
37.394264999999997 -122.051468139999997 -10.819227220000000 323.293000000000006 -6.684000000000000 0.302000000000000 7392901311132.000000000000000
37.394266199999997 -122.051469269999998 -10.818819050000000 323.286999999999978 -6.692000000000000 0.313000000000000 7392938021496.000000000000000
37.394267390000003 -122.051470390000006 -10.818522450000000 323.283999999999992 -6.698000000000000 0.336000000000000 7392973691028.000000000000000
37.394268590000003 -122.051471520000007 -10.818050380000001 323.274999999999977 -6.701000000000000 0.357000000000000 7393009351452.000000000000000
37.394269780000002 -122.051472640000000 -10.817684170000000 323.269000000000005 -6.705000000000000 0.372000000000000 7393045464312.000000000000000
37.394270980000002 -122.051473759999993 -10.817271229999999 323.262000000000000 -6.707000000000000 0.382000000000000 7393081437012.000000000000000
37.394272170000001 -122.051474889999994 -10.816982270000000 323.255999999999972 -6.716000000000000 0.395000000000000 7393117442508.000000000000000
37.394273370000001 -122.051476010000002 -10.816538810000001 323.250999999999976 -6.740000000000000 0.398000000000000 7393153283760.000000000000000
37.394274570000000 -122.051477129999995 -10.816106800000000 323.244000000000028 -6.759000000000000 0.408000000000000 7393189456152.000000000000000
37.394275759999999 -122.051478259999996 -10.815605160000000 323.237000000000023 -6.774000000000000 0.429000000000000 7393225288656.000000000000000
37.394276959999999 -122.051479380000004 -10.815176010000000 323.228000000000009 -6.777000000000000 0.448000000000000 7393261433256.000000000000000
37.394278149999998 -122.051480499999997 -10.814766880000001 323.223999999999990 -6.783000000000000 0.467000000000000 7393297457064.000000000000000
37.394279349999998 -122.051481629999998 -10.814488409999999 323.216000000000008 -6.795000000000000 0.485000000000000 7393333383252.000000000000000
37.394280539999997 -122.051482750000005 -10.814162250000001 323.211999999999989 -6.811000000000000 0.494000000000000 7393370143092.000000000000000
37.394281739999997 -122.051483869999998 -10.813722609999999 323.204000000000008 -6.822000000000000 0.489000000000000 7393405891944.000000000000000
37.394282930000003 -122.051485000000000 -10.813414570000001 323.197000000000003 -6.835000000000000 0.477000000000000 7393441312440.000000000000000
37.394284130000003 -122.051486120000007 -10.813294409999999 323.190999999999974 -6.842000000000000 0.469000000000000 7393477459392.000000000000000
37.394285320000002 -122.051487240000000 -10.812912940000000 323.187000000000012 -6.841000000000000 0.474000000000000 7393513456416.000000000000000
37.394286520000001 -122.051488370000001 -10.812845230000001 323.180999999999983 -6.842000000000000 0.475000000000000 7393549391688.000000000000000
37.394287710000000 -122.051489489999994 -10.812833789999999 323.178999999999974 -6.847000000000000 0.463000000000000 7393585358928.000000000000000
37.394288910000000 -122.051490619999996 -10.812645910000001 323.175000000000011 -6.858000000000000 0.435000000000000 7393621445916.000000000000000
37.394290099999999 -122.051491740000003 -10.812729839999999 323.170000000000016 -6.860000000000000 0.412000000000000 7393657354260.000000000000000
37.394291299999999 -122.051492870000004 -10.812976839999999 323.163999999999987 -6.869000000000000 0.404000000000000 7393693446864.000000000000000
37.394292489999998 -122.051493989999997 -10.812693599999999 323.158000000000015 -6.870000000000000 0.406000000000000 7393729504344.000000000000000
37.394293689999998 -122.051495119999998 -10.812868119999999 323.151999999999987 -6.868000000000000 0.409000000000000 7393765377516.000000000000000
37.394294879999997 -122.051496240000006 -10.813254360000000 323.146000000000015 -6.861000000000000 0.407000000000000 7393801349172.000000000000000
37.394296079999997 -122.051497370000007 -10.813454630000001 323.144000000000005 -6.856000000000000 0.401000000000000 7393837721736.000000000000000
37.394297270000003 -122.051498499999994 -10.813838010000000 323.141000000000020 -6.859000000000000 0.398000000000000 7393873628004.000000000000000
37.394298460000002 -122.051499620000001 -10.814159390000000 323.137000000000000 -6.864000000000000 0.387000000000000 7393909463400.000000000000000
37.394299660000001 -122.051500750000002 -10.814558030000001 323.132999999999981 -6.870000000000000 0.380000000000000 7393945389408.000000000000000
37.394300850000000 -122.051501880000004 -10.814789770000001 323.127999999999986 -6.864000000000000 0.377000000000000 7393981597380.000000000000000
37.394302039999999 -122.051502999999997 -10.814953800000000 323.124000000000024 -6.861000000000000 0.374000000000000 7394017405188.000000000000000
37.394303239999999 -122.051504129999998 -10.815313339999999 323.122000000000014 -6.858000000000000 0.373000000000000 7394053395324.000000000000000
37.394304429999998 -122.051505259999999 -10.815513610000000 323.119000000000028 -6.856000000000000 0.371000000000000 7394089335180.000000000000000
37.394305619999997 -122.051506390000000 -10.815783500000000 323.115999999999985 -6.852000000000000 0.363000000000000 7394125423296.000000000000000
37.394306819999997 -122.051507509999993 -10.815989490000000 323.110999999999990 -6.847000000000000 0.358000000000000 7394161362804.000000000000000
37.394308010000003 -122.051508639999994 -10.816216470000001 323.112000000000023 -6.853000000000000 0.349000000000000 7394197458540.000000000000000
37.394309200000002 -122.051509769999996 -10.816290860000001 323.108999999999980 -6.849000000000000 0.337000000000000 7394233477872.000000000000000
37.394310390000001 -122.051510899999997 -10.816598890000000 323.108999999999980 -6.840000000000000 0.325000000000000 7394269922676.000000000000000
37.394311590000001 -122.051512029999998 -10.816761020000000 323.112000000000023 -6.831000000000000 0.310000000000000 7394305854084.000000000000000
37.394312780000000 -122.051513159999999 -10.816870690000000 323.110000000000014 -6.829000000000000 0.299000000000000 7394341384236.000000000000000
37.394313969999999 -122.051514280000006 -10.816931719999999 323.105000000000018 -6.826000000000000 0.286000000000000 7394377384812.000000000000000
37.394315159999998 -122.051515409999993 -10.817114830000000 323.105999999999995 -6.820000000000000 0.280000000000000 7394413510644.000000000000000
37.394316349999997 -122.051516539999994 -10.817422870000000 323.107000000000028 -6.814000000000000 0.279000000000000 7394449343196.000000000000000
37.394317549999997 -122.051517669999996 -10.817553520000001 323.103999999999985 -6.808000000000000 0.279000000000000 7394485414020.000000000000000
37.394318740000003 -122.051518799999997 -10.817842479999999 323.101999999999975 -6.806000000000000 0.268000000000000 7394521453092.000000000000000
37.394319930000002 -122.051519929999998 -10.818150520000000 323.100999999999999 -6.802000000000000 0.260000000000000 7394557410612.000000000000000
37.394321120000001 -122.051521059999999 -10.818427090000000 323.098000000000013 -6.802000000000000 0.250000000000000 7394593372428.000000000000000
37.394322310000000 -122.051522190000000 -10.818533900000000 323.093999999999994 -6.809000000000000 0.237000000000000 7394629455624.000000000000000
37.394323499999999 -122.051523320000001 -10.818498610000001 323.091000000000008 -6.821000000000000 0.237000000000000 7394665497108.000000000000000
37.394324689999998 -122.051524450000002 -10.818781850000001 323.086000000000013 -6.822000000000000 0.245000000000000 7394701346376.000000000000000
37.394325889999998 -122.051525580000003 -10.818796160000000 323.084999999999980 -6.824000000000000 0.266000000000000 7394738028588.000000000000000
37.394327079999996 -122.051526719999998 -10.818805690000000 323.077999999999975 -6.827000000000000 0.286000000000000 7394773273092.000000000000000
37.394328270000003 -122.051527840000006 -10.818563460000000 323.074999999999989 -6.844000000000000 0.269000000000000 7394809414380.000000000000000
37.394329460000002 -122.051528970000007 -10.818294529999999 323.065999999999974 -6.852000000000000 0.242000000000000 7394845493100.000000000000000
37.394330650000001 -122.051530099999994 -10.817902569999999 323.064999999999998 -6.874000000000000 0.223000000000000 7394881380576.000000000000000
37.394331850000000 -122.051531229999995 -10.817645069999999 323.064000000000021 -6.890000000000000 0.208000000000000 7394917384584.000000000000000
37.394333039999999 -122.051532359999996 -10.817152020000000 323.057999999999993 -6.918000000000000 0.212000000000000 7394953302396.000000000000000
37.394334229999998 -122.051533489999997 -10.816570280000001 323.055000000000007 -6.934000000000000 0.219000000000000 7394989320132.000000000000000
37.394335419999997 -122.051534619999998 -10.816288950000001 323.047000000000025 -6.938000000000000 0.229000000000000 7395025379700.000000000000000
37.394336610000003 -122.051535749999999 -10.816031460000000 323.045999999999992 -6.944000000000000 0.236000000000000 7395061350360.000000000000000
37.394337800000002 -122.051536880000000 -10.815996170000000 323.040999999999997 -6.957000000000000 0.227000000000000 7395097396152.000000000000000
37.394339000000002 -122.051538010000002 -10.815425870000000 323.036000000000001 -6.983000000000000 0.212000000000000 7395133226676.000000000000000
37.394340190000001 -122.051539140000003 -10.815382960000001 323.033000000000015 -6.999000000000000 0.191000000000000 7395169479012.000000000000000
37.394341380000000 -122.051540270000004 -10.815485000000001 323.028000000000020 -7.012000000000000 0.172000000000000 7395206009736.000000000000000
37.394342569999999 -122.051541400000005 -10.815490720000000 323.021999999999991 -7.015000000000000 0.163000000000000 7395242024196.000000000000000
37.394343759999998 -122.051542530000006 -10.815876010000000 323.017999999999972 -7.024000000000000 0.171000000000000 7395277636356.000000000000000
37.394344949999997 -122.051543659999993 -10.816450120000001 323.014000000000010 -7.029000000000000 0.176000000000000 7395313360476.000000000000000
37.394346149999997 -122.051544789999994 -10.816690440000000 323.009999999999991 -7.029000000000000 0.184000000000000 7395349361784.000000000000000
37.394347340000003 -122.051545930000003 -10.817456249999999 323.004999999999995 -7.032000000000000 0.180000000000000 7395385412712.000000000000000
37.394348530000002 -122.051547060000004 -10.818398480000001 323.000000000000000 -7.037000000000000 0.170000000000000 7395421494408.000000000000000
37.394349720000001 -122.051548190000005 -10.819097520000000 322.995999999999981 -7.034000000000000 0.168000000000000 7395457360584.000000000000000
37.394350910000000 -122.051549320000007 -10.820063590000000 322.990999999999985 -7.028000000000000 0.169000000000000 7395493329132.000000000000000
37.394352099999999 -122.051550460000001 -10.821084980000000 322.990999999999985 -7.021000000000000 0.167000000000000 7395529540380.000000000000000
37.394353289999998 -122.051551590000003 -10.822142599999999 322.985000000000014 -7.012000000000000 0.169000000000000 7395565370472.000000000000000
37.394354479999997 -122.051552720000004 -10.823278430000000 322.985000000000014 -6.999000000000000 0.171000000000000 7395601457052.000000000000000
37.394355670000003 -122.051553859999999 -10.824471470000001 322.978999999999985 -6.985000000000000 0.179000000000000 7395637993140.000000000000000
37.394356860000002 -122.051554990000000 -10.825450900000000 322.975999999999999 -6.977000000000000 0.181000000000000 7395673423548.000000000000000
37.394358050000001 -122.051556120000001 -10.826546670000001 322.973000000000013 -6.967000000000000 0.176000000000000 7395709464852.000000000000000
37.394359250000001 -122.051557259999996 -10.827660560000000 322.968999999999994 -6.952000000000000 0.184000000000000 7395745404756.000000000000000
37.394360429999999 -122.051558389999997 -10.828843120000000 322.968000000000018 -6.934000000000000 0.195000000000000 7395781372404.000000000000000
37.394361629999999 -122.051559530000006 -10.830045699999999 322.963000000000022 -6.912000000000000 0.213000000000000 7395817523028.000000000000000
37.394362819999998 -122.051560660000007 -10.831266400000001 322.959999999999980 -6.897000000000000 0.224000000000000 7395853287348.000000000000000
37.394364009999997 -122.051561789999994 -10.832256320000001 322.956999999999994 -6.887000000000000 0.221000000000000 7395889290624.000000000000000
37.394365200000003 -122.051562930000003 -10.833255769999999 322.951000000000022 -6.880000000000000 0.220000000000000 7395925343640.000000000000000
37.394366390000002 -122.051564060000004 -10.834079740000000 322.947000000000003 -6.872000000000000 0.208000000000000 7395961488696.000000000000000
37.394367580000001 -122.051565199999999 -10.835179330000001 322.942000000000007 -6.862000000000000 0.217000000000000 7395997344936.000000000000000
37.394368770000000 -122.051566330000000 -10.835933689999999 322.937000000000012 -6.854000000000000 0.234000000000000 7396033320504.000000000000000
37.394369959999999 -122.051567460000001 -10.836300850000001 322.930999999999983 -6.846000000000000 0.253000000000000 7396069374192.000000000000000
37.394371149999998 -122.051568599999996 -10.837124820000000 322.925999999999988 -6.843000000000000 0.265000000000000 7396105619268.000000000000000
37.394372349999998 -122.051569729999997 -10.837429999999999 322.918999999999983 -6.841000000000000 0.270000000000000 7396142121456.000000000000000
37.394373539999997 -122.051570859999998 -10.837736130000000 322.915000000000020 -6.840000000000000 0.271000000000000 7396177686276.000000000000000
37.394374730000003 -122.051571999999993 -10.838019370000000 322.911000000000001 -6.843000000000000 0.277000000000000 7396213287900.000000000000000
37.394375920000002 -122.051573129999994 -10.838070869999999 322.906000000000006 -6.852000000000000 0.280000000000000 7396249316544.000000000000000
37.394377110000001 -122.051574259999995 -10.837881090000000 322.898000000000025 -6.861000000000000 0.288000000000000 7396285494108.000000000000000
37.394378300000000 -122.051575400000004 -10.838259700000000 322.894000000000005 -6.868000000000000 0.300000000000000 7396321482216.000000000000000
37.394379489999999 -122.051576530000006 -10.838205340000000 322.887000000000000 -6.872000000000000 0.317000000000000 7396357433040.000000000000000
37.394380679999998 -122.051577660000007 -10.838063240000000 322.884999999999991 -6.881000000000000 0.321000000000000 7396393419468.000000000000000
37.394381869999997 -122.051578789999994 -10.837895390000000 322.879999999999995 -6.893000000000000 0.310000000000000 7396429363944.000000000000000
37.394383070000003 -122.051579930000003 -10.837582590000000 322.877000000000010 -6.914000000000000 0.295000000000000 7396465421400.000000000000000
37.394384260000002 -122.051581060000004 -10.837343219999999 322.872999999999990 -6.929000000000000 0.282000000000000 7396501534908.000000000000000
37.394385450000001 -122.051582190000005 -10.837209700000001 322.867999999999995 -6.945000000000000 0.276000000000000 7396537917180.000000000000000
37.394386640000000 -122.051583330000000 -10.837123869999999 322.862000000000023 -6.948000000000000 0.271000000000000 7396574051064.000000000000000
37.394387829999999 -122.051584460000001 -10.837146760000000 322.860999999999990 -6.959000000000000 0.284000000000000 7396609716192.000000000000000
37.394389019999998 -122.051585599999996 -10.836710930000001 322.857000000000028 -6.977000000000000 0.286000000000000 7396645508160.000000000000000
37.394390209999997 -122.051586729999997 -10.836541179999999 322.850999999999999 -6.997000000000000 0.276000000000000 7396681567356.000000000000000
37.394391400000004 -122.051587870000006 -10.836472510000000 322.850999999999999 -7.007000000000000 0.260000000000000 7396717411908.000000000000000
37.394392590000002 -122.051589000000007 -10.836667060000000 322.850999999999999 -7.013000000000000 0.249000000000000 7396753451268.000000000000000
37.394393780000001 -122.051590140000002 -10.836936950000000 322.850999999999999 -7.023000000000000 0.248000000000000 7396789841652.000000000000000
37.394394970000000 -122.051591279999997 -10.837471960000000 322.848999999999990 -7.026000000000000 0.250000000000000 7396825501560.000000000000000
37.394396159999999 -122.051592409999998 -10.837453840000000 322.848999999999990 -7.031000000000000 0.255000000000000 7396861507680.000000000000000
37.394397349999998 -122.051593550000007 -10.838024140000000 322.841999999999985 -7.031000000000000 0.249000000000000 7396897125756.000000000000000
37.394398539999997 -122.051594690000002 -10.839013100000001 322.841999999999985 -7.028000000000000 0.240000000000000 7396933605492.000000000000000
37.394399730000004 -122.051595820000003 -10.839384080000000 322.838000000000022 -7.034000000000000 0.233000000000000 7396969511184.000000000000000
37.394400920000002 -122.051596959999998 -10.840027810000000 322.838999999999999 -7.040000000000000 0.214000000000000 7397006025432.000000000000000
37.394402110000001 -122.051598089999999 -10.840363500000000 322.839999999999975 -7.047000000000000 0.195000000000000 7397041901532.000000000000000
37.394403300000000 -122.051599229999994 -10.841335300000001 322.841999999999985 -7.033000000000000 0.159000000000000 7397077407204.000000000000000
37.394404489999999 -122.051600370000003 -10.842087749999999 322.843000000000018 -7.012000000000000 0.135000000000000 7397113255380.000000000000000
37.394405679999998 -122.051601509999998 -10.842968940000000 322.845000000000027 -7.004000000000000 0.119000000000000 7397149571892.000000000000000
37.394406869999997 -122.051602639999999 -10.843063350000000 322.846999999999980 -7.003000000000000 0.104000000000000 7397185540320.000000000000000
37.394408060000004 -122.051603779999994 -10.843836780000000 322.846000000000004 -7.001000000000000 0.093000000000000 7397221107168.000000000000000
37.394409250000002 -122.051604920000003 -10.844357490000000 322.845000000000027 -6.985000000000000 0.066000000000000 7397257317012.000000000000000
37.394410440000001 -122.051606059999997 -10.845370290000000 322.843999999999994 -6.963000000000000 0.031000000000000 7397293486080.000000000000000
37.394411630000000 -122.051607189999999 -10.846258160000000 322.846000000000004 -6.942000000000000 -0.012000000000000 7397329424748.000000000000000
37.394412819999999 -122.051608329999993 -10.847486500000000 322.850000000000023 -6.927000000000000 -0.035000000000000 7397365465428.000000000000000
37.394414009999998 -122.051609470000002 -10.847734450000001 322.853999999999985 -6.920000000000000 -0.049000000000000 7397401538100.000000000000000
37.394415199999997 -122.051610609999997 -10.848674770000001 322.858000000000004 -6.900000000000000 -0.074000000000000 7397438025084.000000000000000
37.394416390000004 -122.051611750000006 -10.849436760000000 322.855999999999995 -6.885000000000000 -0.116000000000000 7397473631316.000000000000000
37.394417580000002 -122.051612890000001 -10.850541110000000 322.857000000000028 -6.870000000000000 -0.164000000000000 7397509397760.000000000000000
37.394418770000001 -122.051614029999996 -10.851219179999999 322.857000000000028 -6.856000000000000 -0.194000000000000 7397545270740.000000000000000
37.394419960000000 -122.051615170000005 -10.851439480000000 322.855000000000018 -6.850000000000000 -0.214000000000000 7397581378992.000000000000000
37.394421139999999 -122.051616310000000 -10.852407460000000 322.855000000000018 -6.834000000000000 -0.218000000000000 7397617275132.000000000000000
37.394422329999998 -122.051617449999995 -10.852883340000000 322.855000000000018 -6.808000000000000 -0.199000000000000 7397653431468.000000000000000
37.394423519999997 -122.051618590000004 -10.853713040000001 322.857000000000028 -6.774000000000000 -0.196000000000000 7397689391328.000000000000000
37.394424710000003 -122.051619729999999 -10.853920940000000 322.860999999999990 -6.758000000000000 -0.201000000000000 7397725412544.000000000000000
37.394425900000002 -122.051620869999994 -10.854344370000000 322.865999999999985 -6.758000000000000 -0.225000000000000 7397761507260.000000000000000
37.394427090000001 -122.051622010000003 -10.854225160000000 322.863000000000000 -6.759000000000000 -0.272000000000000 7397797269072.000000000000000
37.394428269999999 -122.051623149999998 -10.855415340000000 322.865000000000009 -6.746000000000000 -0.335000000000000 7397833396956.000000000000000
37.394429459999998 -122.051624290000007 -10.855443950000000 322.865000000000009 -6.745000000000000 -0.362000000000000 7397869532760.000000000000000
37.394430649999997 -122.051625430000001 -10.855373380000000 322.863999999999976 -6.747000000000000 -0.352000000000000 7397905625280.000000000000000
37.394431830000002 -122.051626569999996 -10.855237960000000 322.865999999999985 -6.744000000000000 -0.322000000000000 7397942003220.000000000000000
37.394433020000001 -122.051627710000005 -10.855050090000001 322.867999999999995 -6.743000000000000 -0.281000000000000 7397977527996.000000000000000
37.394434210000000 -122.051628850000000 -10.854816440000000 322.872000000000014 -6.741000000000000 -0.274000000000000 7398013349976.000000000000000
37.394435389999998 -122.051629980000001 -10.854734420000000 322.872999999999990 -6.749000000000000 -0.288000000000000 7398049458372.000000000000000
37.394436579999997 -122.051631119999996 -10.854569440000001 322.875000000000000 -6.762000000000000 -0.318000000000000 7398085419588.000000000000000
37.394437760000002 -122.051632260000005 -10.854207990000001 322.880999999999972 -6.774000000000000 -0.345000000000000 7398121433076.000000000000000
37.394438950000001 -122.051633400000000 -10.853775020000000 322.877999999999986 -6.795000000000000 -0.365000000000000 7398157240032.000000000000000
37.394440140000000 -122.051634539999995 -10.853073119999999 322.877000000000010 -6.822000000000000 -0.370000000000000 7398193374156.000000000000000
37.394441319999999 -122.051635680000004 -10.852152820000001 322.877000000000010 -6.840000000000000 -0.371000000000000 7398229470012.000000000000000
37.394442509999998 -122.051636819999999 -10.851901050000000 322.875999999999976 -6.862000000000000 -0.341000000000000 7398265439196.000000000000000
37.394443690000003 -122.051637959999994 -10.851010320000000 322.874000000000024 -6.884000000000000 -0.314000000000000 7398301391652.000000000000000
37.394444880000002 -122.051639089999995 -10.850174900000001 322.879000000000019 -6.906000000000000 -0.287000000000000 7398337702332.000000000000000
37.394446060000000 -122.051640230000004 -10.849577900000000 322.875000000000000 -6.921000000000000 -0.270000000000000 7398373941732.000000000000000
37.394447249999999 -122.051641369999999 -10.849074359999999 322.872999999999990 -6.935000000000000 -0.260000000000000 7398409399536.000000000000000
37.394448439999998 -122.051642509999994 -10.849053380000001 322.874000000000024 -6.951000000000000 -0.238000000000000 7398445204068.000000000000000
37.394449620000003 -122.051643639999995 -10.848033910000000 322.870999999999981 -6.970000000000000 -0.227000000000000 7398481386540.000000000000000
37.394450810000002 -122.051644780000004 -10.847932820000000 322.869000000000028 -6.989000000000000 -0.220000000000000 7398517404312.000000000000000
37.394451990000000 -122.051645919999999 -10.847990039999999 322.863999999999976 -7.001000000000000 -0.222000000000000 7398553387908.000000000000000
37.394453179999999 -122.051647050000000 -10.847950940000000 322.860999999999990 -7.009000000000000 -0.230000000000000 7398589400736.000000000000000
37.394454369999998 -122.051648189999995 -10.848155020000000 322.858999999999980 -7.019000000000000 -0.239000000000000 7398625339368.000000000000000
37.394455550000004 -122.051649330000004 -10.848702429999999 322.857000000000028 -7.028000000000000 -0.237000000000000 7398661422384.000000000000000
37.394456740000003 -122.051650460000005 -10.848695760000000 322.858999999999980 -7.039000000000000 -0.232000000000000 7398697154568.000000000000000
37.394457930000002 -122.051651600000000 -10.849208830000000 322.853999999999985 -7.047000000000000 -0.225000000000000 7398733519248.000000000000000
37.394459120000000 -122.051652739999994 -10.849611280000000 322.850000000000023 -7.056000000000000 -0.222000000000000 7398769364496.000000000000000
37.394460299999999 -122.051653869999996 -10.850193020000001 322.846000000000004 -7.054000000000000 -0.227000000000000 7398805956804.000000000000000
37.394461489999998 -122.051655010000005 -10.850949290000001 322.839999999999975 -7.044000000000000 -0.220000000000000 7398841661544.000000000000000
37.394462670000003 -122.051656140000006 -10.852173810000000 322.834999999999980 -7.034000000000000 -0.186000000000000 7398877236660.000000000000000
37.394463860000002 -122.051657280000001 -10.852393149999999 322.833000000000027 -7.022000000000000 -0.146000000000000 7398913430172.000000000000000
37.394465050000001 -122.051658410000002 -10.853610040000000 322.829000000000008 -7.008000000000000 -0.112000000000000 7398949337112.000000000000000
37.394466229999999 -122.051659549999997 -10.854971890000000 322.824000000000012 -6.984000000000000 -0.099000000000000 7398985240308.000000000000000
37.394467419999998 -122.051660690000006 -10.855973240000001 322.817999999999984 -6.968000000000000 -0.112000000000000 7399021340436.000000000000000
37.394468609999997 -122.051661820000007 -10.857130050000000 322.814999999999998 -6.958000000000000 -0.139000000000000 7399057317372.000000000000000
37.394469790000002 -122.051662960000002 -10.858027460000001 322.810000000000002 -6.959000000000000 -0.153000000000000 7399093224324.000000000000000
37.394470980000001 -122.051664099999996 -10.859525680000001 322.805000000000007 -6.936000000000000 -0.144000000000000 7399129454748.000000000000000
37.394472159999999 -122.051665229999998 -10.860555650000000 322.800999999999988 -6.907000000000000 -0.108000000000000 7399165546380.000000000000000
37.394473349999998 -122.051666359999999 -10.861580849999999 322.795000000000016 -6.882000000000000 -0.072000000000000 7399201459308.000000000000000
37.394474539999997 -122.051667499999994 -10.862492560000000 322.788999999999987 -6.862000000000000 -0.050000000000000 7399237475232.000000000000000
37.394475720000003 -122.051668629999995 -10.863430019999999 322.786000000000001 -6.852000000000000 -0.042000000000000 7399273823436.000000000000000
37.394476910000002 -122.051669770000004 -10.864137650000000 322.781999999999982 -6.845000000000000 -0.053000000000000 7399309436388.000000000000000
37.394478090000000 -122.051670900000005 -10.865233419999999 322.778000000000020 -6.845000000000000 -0.074000000000000 7399345549380.000000000000000
37.394479279999999 -122.051672040000000 -10.865822789999999 322.776000000000010 -6.848000000000000 -0.082000000000000 7399381382388.000000000000000
37.394480459999997 -122.051673170000001 -10.866141320000001 322.773000000000025 -6.845000000000000 -0.078000000000000 7399417478784.000000000000000
37.394481650000003 -122.051674309999996 -10.866768840000001 322.771999999999991 -6.838000000000000 -0.067000000000000 7399453349532.000000000000000
37.394482830000001 -122.051675439999997 -10.866791729999999 322.766999999999996 -6.842000000000000 -0.061000000000000 7399489277796.000000000000000
37.394484020000000 -122.051676580000006 -10.866378780000000 322.762999999999977 -6.848000000000000 -0.068000000000000 7399525309584.000000000000000
37.394485199999998 -122.051677710000007 -10.866737369999999 322.754999999999995 -6.863000000000000 -0.074000000000000 7399561210152.000000000000000
37.394486389999997 -122.051678839999994 -10.866243360000000 322.747999999999990 -6.868000000000000 -0.068000000000000 7399597343592.000000000000000
37.394487570000003 -122.051679969999995 -10.865865710000000 322.740999999999985 -6.874000000000000 -0.032000000000000 7399633430568.000000000000000
37.394488760000002 -122.051681110000004 -10.865542410000000 322.738999999999976 -6.880000000000000 0.004000000000000 7399669731588.000000000000000
37.394489940000000 -122.051682240000005 -10.865250590000000 322.735999999999990 -6.874000000000000 0.026000000000000 7399705992096.000000000000000
37.394491119999998 -122.051683370000006 -10.864922520000000 322.730999999999995 -6.887000000000000 0.031000000000000 7399741842852.000000000000000
37.394492309999997 -122.051684510000001 -10.864499090000001 322.728000000000009 -6.898000000000000 0.014000000000000 7399777411992.000000000000000
37.394493490000002 -122.051685640000002 -10.864298820000000 322.720000000000027 -6.923000000000000 0.003000000000000 7399813335864.000000000000000
37.394494670000000 -122.051686770000003 -10.864257810000000 322.713000000000022 -6.943000000000000 0.001000000000000 7399849405236.000000000000000
37.394495849999998 -122.051687909999998 -10.864067080000000 322.708000000000027 -6.953000000000000 0.020000000000000 7399885463100.000000000000000
37.394497039999997 -122.051689039999999 -10.864226340000000 322.699999999999989 -6.951000000000000 0.041000000000000 7399921334652.000000000000000
37.394498220000003 -122.051690179999994 -10.864555360000001 322.697999999999979 -6.947000000000000 0.064000000000000 7399957373304.000000000000000
37.394499400000001 -122.051691309999995 -10.864483829999999 322.692000000000007 -6.955000000000000 0.070000000000000 7399993290660.000000000000000
37.394500590000000 -122.051692450000004 -10.864722250000000 322.689000000000021 -6.971000000000000 0.058000000000000 7400029532868.000000000000000
37.394501769999998 -122.051693580000006 -10.865061760000000 322.685999999999979 -6.985000000000000 0.037000000000000 7400065401000.000000000000000
37.394502950000003 -122.051694710000007 -10.865366939999999 322.680999999999983 -6.996000000000000 0.035000000000000 7400101242360.000000000000000
37.394504130000001 -122.051695850000002 -10.865697859999999 322.675999999999988 -6.999000000000000 0.044000000000000 7400137802952.000000000000000
37.394505310000000 -122.051696980000003 -10.866107939999999 322.672000000000025 -6.991000000000000 0.067000000000000 7400173493160.000000000000000
37.394506499999999 -122.051698119999998 -10.866479869999999 322.665000000000020 -6.990000000000000 0.082000000000000 7400209244304.000000000000000
37.394507679999997 -122.051699249999999 -10.867020610000001 322.656999999999982 -6.984000000000000 0.088000000000000 7400245339728.000000000000000
37.394508860000002 -122.051700389999993 -10.867784500000001 322.653000000000020 -6.987000000000000 0.089000000000000 7400281460700.000000000000000
37.394510040000000 -122.051701519999995 -10.868071560000001 322.649999999999977 -6.990000000000000 0.082000000000000 7400317226604.000000000000000
37.394511219999998 -122.051702660000004 -10.868699070000000 322.646999999999991 -6.992000000000000 0.073000000000000 7400353467960.000000000000000
37.394512400000004 -122.051703790000005 -10.869301800000001 322.641999999999996 -6.991000000000000 0.066000000000000 7400389401864.000000000000000
37.394513580000002 -122.051704930000000 -10.870095250000000 322.634999999999991 -6.989000000000000 0.063000000000000 7400425327188.000000000000000
37.394514770000001 -122.051706060000001 -10.870736120000000 322.630999999999972 -6.993000000000000 0.077000000000000 7400461521876.000000000000000
37.394515949999999 -122.051707199999996 -10.871300700000001 322.629999999999995 -6.995000000000000 0.094000000000000 7400497374876.000000000000000
37.394517129999997 -122.051708329999997 -10.871927260000000 322.622000000000014 -6.994000000000000 0.112000000000000 7400533284384.000000000000000
37.394518310000002 -122.051709470000006 -10.872544290000000 322.613999999999976 -6.994000000000000 0.122000000000000 7400569605816.000000000000000
37.394519490000000 -122.051710600000007 -10.873174669999999 322.608999999999980 -6.995000000000000 0.125000000000000 7400605552524.000000000000000
37.394520669999999 -122.051711740000002 -10.873764039999999 322.605000000000018 -6.997000000000000 0.136000000000000 7400641385028.000000000000000
37.394521849999997 -122.051712870000003 -10.874407769999999 322.598999999999990 -7.002000000000000 0.144000000000000 7400677337328.000000000000000
37.394523030000002 -122.051714009999998 -10.874994279999999 322.593999999999994 -7.000000000000000 0.167000000000000 7400713491432.000000000000000
37.394524210000000 -122.051715139999999 -10.875671390000001 322.588999999999999 -6.996000000000000 0.186000000000000 7400749312956.000000000000000
37.394525389999998 -122.051716279999994 -10.876329419999999 322.584999999999980 -6.988000000000000 0.201000000000000 7400785364076.000000000000000
37.394526569999996 -122.051717409999995 -10.877091410000000 322.579999999999984 -6.982000000000000 0.216000000000000 7400821459164.000000000000000
37.394527750000002 -122.051718550000004 -10.877742769999999 322.572999999999979 -6.970000000000000 0.232000000000000 7400857346436.000000000000000
37.394528930000000 -122.051719689999999 -10.878578190000001 322.567999999999984 -6.959000000000000 0.248000000000000 7400893447956.000000000000000
37.394530109999998 -122.051720820000000 -10.879552840000001 322.564000000000021 -6.945000000000000 0.260000000000000 7400929356948.000000000000000
37.394531290000003 -122.051721959999995 -10.880368230000000 322.557000000000016 -6.933000000000000 0.273000000000000 7400965366896.000000000000000
37.394532470000001 -122.051723089999996 -10.881349560000000 322.552000000000021 -6.916000000000000 0.282000000000000 7401001354272.000000000000000
37.394533650000000 -122.051724230000005 -10.882427220000000 322.547000000000025 -6.896000000000000 0.288000000000000 7401038031192.000000000000000
37.394534829999998 -122.051725370000000 -10.883374209999999 322.548000000000002 -6.880000000000000 0.287000000000000 7401073467744.000000000000000
37.394536010000003 -122.051726500000001 -10.884393690000000 322.543000000000006 -6.865000000000000 0.286000000000000 7401109317324.000000000000000
37.394537190000001 -122.051727639999996 -10.885271070000000 322.538999999999987 -6.848000000000000 0.279000000000000 7401145412412.000000000000000
37.394538369999999 -122.051728769999997 -10.886322979999999 322.533999999999992 -6.829000000000000 0.274000000000000 7401181206432.000000000000000
37.394539549999998 -122.051729910000006 -10.887198450000000 322.528000000000020 -6.812000000000000 0.282000000000000 7401217229676.000000000000000
37.394540730000003 -122.051731050000001 -10.887927060000001 322.526000000000010 -6.790000000000000 0.285000000000000 7401253515780.000000000000000
37.394541920000002 -122.051732180000002 -10.888832089999999 322.521000000000015 -6.770000000000000 0.294000000000000 7401289111200.000000000000000
37.394543100000000 -122.051733319999997 -10.889484410000000 322.514000000000010 -6.752000000000000 0.294000000000000 7401325274688.000000000000000
37.394544279999998 -122.051734460000006 -10.889957430000001 322.509999999999991 -6.736000000000000 0.292000000000000 7401361460052.000000000000000
37.394545460000003 -122.051735590000007 -10.890577320000000 322.507000000000005 -6.727000000000000 0.284000000000000 7401397320456.000000000000000
37.394546640000002 -122.051736730000002 -10.890867230000000 322.502000000000010 -6.714000000000000 0.274000000000000 7401433360872.000000000000000
37.394547820000000 -122.051737869999997 -10.890878680000000 322.497000000000014 -6.706000000000000 0.270000000000000 7401469760388.000000000000000
37.394548999999998 -122.051738999999998 -10.891384120000000 322.490999999999985 -6.694000000000000 0.276000000000000 7401505957644.000000000000000
37.394550170000002 -122.051740140000007 -10.891409870000000 322.487000000000023 -6.686000000000000 0.289000000000000 7401541318020.000000000000000
37.394551350000000 -122.051741280000002 -10.891225810000000 322.480000000000018 -6.674000000000000 0.299000000000000 7401577327944.000000000000000
37.394552529999999 -122.051742410000003 -10.891249660000000 322.475000000000023 -6.673000000000000 0.302000000000000 7401613415544.000000000000000
37.394553709999997 -122.051743549999998 -10.890968320000001 322.471999999999980 -6.672000000000000 0.289000000000000 7401649291464.000000000000000
37.394554890000002 -122.051744690000007 -10.890551570000000 322.468999999999994 -6.676000000000000 0.285000000000000 7401685498068.000000000000000
37.394556070000000 -122.051745830000002 -10.890322690000000 322.466999999999985 -6.683000000000000 0.278000000000000 7401721301952.000000000000000
37.394557249999998 -122.051746960000003 -10.889806750000000 322.463999999999999 -6.690000000000000 0.276000000000000 7401757599444.000000000000000
37.394558429999996 -122.051748099999998 -10.889255520000001 322.461000000000013 -6.687000000000000 0.274000000000000 7401793320516.000000000000000
37.394559610000002 -122.051749240000007 -10.888870239999999 322.456999999999994 -6.691000000000000 0.276000000000000 7401829277784.000000000000000
37.394560790000000 -122.051750369999993 -10.888324740000000 322.456000000000017 -6.694000000000000 0.267000000000000 7401865125012.000000000000000
37.394561959999997 -122.051751510000003 -10.887681010000000 322.449999999999989 -6.705000000000000 0.257000000000000 7401901448964.000000000000000
37.394563140000002 -122.051752649999997 -10.887136460000001 322.449999999999989 -6.712000000000000 0.240000000000000 7401937738548.000000000000000
37.394564320000001 -122.051753790000006 -10.886577610000000 322.447999999999979 -6.716000000000000 0.230000000000000 7401973492776.000000000000000
37.394565499999999 -122.051754930000001 -10.886081700000000 322.446000000000026 -6.717000000000000 0.218000000000000 7402009090164.000000000000000
37.394566670000003 -122.051756060000002 -10.885470390000000 322.444999999999993 -6.723000000000000 0.215000000000000 7402045343940.000000000000000
37.394567850000001 -122.051757199999997 -10.884908680000001 322.442999999999984 -6.729000000000000 0.201000000000000 7402081181400.000000000000000
37.394569030000000 -122.051758340000006 -10.884293560000000 322.444999999999993 -6.736000000000000 0.175000000000000 7402117285656.000000000000000
37.394570209999998 -122.051759480000001 -10.883915900000000 322.442000000000007 -6.745000000000000 0.153000000000000 7402153302672.000000000000000
37.394571380000002 -122.051760619999996 -10.883454320000000 322.437999999999988 -6.748000000000000 0.139000000000000 7402189381800.000000000000000
37.394572560000000 -122.051761760000005 -10.883170130000000 322.435000000000002 -6.749000000000000 0.132000000000000 7402225479444.000000000000000
37.394573739999998 -122.051762890000006 -10.882621770000000 322.432000000000016 -6.748000000000000 0.124000000000000 7402261340724.000000000000000
37.394574919999997 -122.051764030000001 -10.882296560000000 322.427000000000021 -6.752000000000000 0.117000000000000 7402297236312.000000000000000
37.394576090000001 -122.051765169999996 -10.881927490000001 322.427000000000021 -6.761000000000000 0.095000000000000 7402333276752.000000000000000
37.394577269999999 -122.051766310000005 -10.881711010000000 322.425000000000011 -6.767000000000000 0.072000000000000 7402369789680.000000000000000
37.394578449999997 -122.051767450000000 -10.881274220000000 322.425000000000011 -6.778000000000000 0.044000000000000 7402405660824.000000000000000
37.394579620000002 -122.051768589999995 -10.880812640000000 322.423999999999978 -6.783000000000000 0.021000000000000 7402441235964.000000000000000
37.394580800000000 -122.051769730000004 -10.880546570000000 322.423000000000002 -6.787000000000000 0.012000000000000 7402477298736.000000000000000
37.394581969999997 -122.051770869999999 -10.880185129999999 322.420000000000016 -6.787000000000000 0.006000000000000 7402513282380.000000000000000
37.394583150000003 -122.051772009999993 -10.879941940000000 322.415999999999997 -6.793000000000000 0.001000000000000 7402549326288.000000000000000
37.394584330000001 -122.051773150000002 -10.879390720000000 322.416999999999973 -6.803000000000000 -0.015000000000000 7402585259436.000000000000000
37.394585499999998 -122.051774289999997 -10.879033090000000 322.413999999999987 -6.811000000000000 -0.030000000000000 7402621336752.000000000000000
37.394586680000003 -122.051775430000006 -10.878550530000000 322.411999999999978 -6.820000000000000 -0.047000000000000 7402657311684.000000000000000
37.394587850000001 -122.051776570000001 -10.878328320000000 322.410000000000025 -6.831000000000000 -0.056000000000000 7402693281204.000000000000000
37.394589029999999 -122.051777709999996 -10.878090860000000 322.411999999999978 -6.834000000000000 -0.048000000000000 7402729283232.000000000000000
37.394590200000003 -122.051778850000005 -10.878004069999999 322.408999999999992 -6.834000000000000 -0.041000000000000 7402765154544.000000000000000
37.394591380000001 -122.051779990000000 -10.877415660000000 322.410000000000025 -6.834000000000000 -0.046000000000000 7402801404840.000000000000000
37.394592549999999 -122.051781129999995 -10.877193450000000 322.406000000000006 -6.848000000000000 -0.062000000000000 7402837566756.000000000000000
37.394593720000003 -122.051782270000004 -10.876738550000001 322.406999999999982 -6.859000000000000 -0.094000000000000 7402874012064.000000000000000
37.394594900000001 -122.051783409999999 -10.876627920000001 322.403000000000020 -6.870000000000000 -0.125000000000000 7402909347252.000000000000000
37.394596069999999 -122.051784549999994 -10.876312260000001 322.401999999999987 -6.877000000000000 -0.125000000000000 7402945219728.000000000000000
37.394597249999997 -122.051785699999996 -10.876177790000000 322.399999999999977 -6.869000000000000 -0.107000000000000 7402981013736.000000000000000
37.394598420000001 -122.051786840000005 -10.875668530000000 322.399999999999977 -6.864000000000000 -0.081000000000000 7403017291596.000000000000000
37.394599599999999 -122.051787980000000 -10.875660900000000 322.396999999999991 -6.859000000000000 -0.071000000000000 7403053388064.000000000000000
37.394600769999997 -122.051789119999995 -10.875830649999999 322.396000000000015 -6.860000000000000 -0.080000000000000 7403089132296.000000000000000
37.394601950000002 -122.051790260000004 -10.875746729999999 322.396999999999991 -6.868000000000000 -0.102000000000000 7403125298760.000000000000000
37.394603119999999 -122.051791399999999 -10.875956540000001 322.394999999999982 -6.873000000000000 -0.130000000000000 7403161160712.000000000000000
37.394604289999997 -122.051792539999994 -10.876207350000000 322.391000000000020 -6.879000000000000 -0.149000000000000 7403197438044.000000000000000
37.394605470000002 -122.051793689999997 -10.876434330000000 322.389999999999986 -6.881000000000000 -0.148000000000000 7403233689744.000000000000000
37.394606639999999 -122.051794830000006 -10.876662250000001 322.387000000000000 -6.876000000000000 -0.140000000000000 7403269369872.000000000000000
37.394607819999997 -122.051795970000001 -10.876940729999999 322.382000000000005 -6.873000000000000 -0.121000000000000 7403305212396.000000000000000
37.394608990000002 -122.051797109999995 -10.877158160000000 322.382000000000005 -6.874000000000000 -0.112000000000000 7403341426992.000000000000000
37.394610159999999 -122.051798250000004 -10.877380369999999 322.375000000000000 -6.879000000000000 -0.109000000000000 7403377249824.000000000000000
37.394611339999997 -122.051799389999999 -10.877554890000001 322.370000000000005 -6.884000000000000 -0.106000000000000 7403413226880.000000000000000
37.394612510000002 -122.051800529999994 -10.877872470000000 322.367000000000019 -6.885000000000000 -0.107000000000000 7403449380852.000000000000000
37.394613690000000 -122.051801670000003 -10.877964020000000 322.360000000000014 -6.891000000000000 -0.100000000000000 7403485468020.000000000000000
37.394614859999997 -122.051802809999998 -10.877920150000000 322.353999999999985 -6.898000000000000 -0.092000000000000 7403521087704.000000000000000
37.394616030000002 -122.051803949999993 -10.878073690000001 322.350000000000023 -6.900000000000000 -0.079000000000000 7403557327080.000000000000000
37.394617210000000 -122.051805090000002 -10.877970700000001 322.346000000000004 -6.903000000000000 -0.072000000000000 7403593249032.000000000000000
37.394618379999997 -122.051806229999997 -10.878012660000000 322.338999999999999 -6.905000000000000 -0.064000000000000 7403629317180.000000000000000
37.394619560000002 -122.051807370000006 -10.878035550000000 322.338000000000022 -6.912000000000000 -0.046000000000000 7403665129452.000000000000000
37.394620730000000 -122.051808510000001 -10.878185269999999 322.331000000000017 -6.911000000000000 -0.028000000000000 7403701238364.000000000000000
37.394621899999997 -122.051809649999996 -10.878341669999999 322.327999999999975 -6.910000000000000 -0.022000000000000 7403737973376.000000000000000
37.394623080000002 -122.051810790000005 -10.878572460000001 322.322999999999979 -6.912000000000000 -0.022000000000000 7403773435776.000000000000000
37.394624250000000 -122.051811930000000 -10.878841400000001 322.322999999999979 -6.918000000000000 -0.028000000000000 7403809313088.000000000000000
37.394625429999998 -122.051813069999994 -10.879140850000001 322.317000000000007 -6.918000000000000 -0.033000000000000 7403845301616.000000000000000
37.394626600000002 -122.051814210000003 -10.879531860000000 322.309000000000026 -6.921000000000000 -0.032000000000000 7403881293492.000000000000000
37.394627770000000 -122.051815349999998 -10.879982950000000 322.305999999999983 -6.920000000000000 -0.022000000000000 7403917425840.000000000000000
37.394628949999998 -122.051816500000001 -10.880551340000000 322.300999999999988 -6.916000000000000 -0.007000000000000 7403953284912.000000000000000
37.394630120000002 -122.051817639999996 -10.880747800000000 322.295999999999992 -6.916000000000000 0.006000000000000 7403989200000.000000000000000
37.394631290000000 -122.051818780000005 -10.881110189999999 322.293000000000006 -6.919000000000000 0.007000000000000 7404025316448.000000000000000
37.394632469999998 -122.051819920000000 -10.881383899999999 322.290999999999997 -6.925000000000000 0.004000000000000 7404061311528.000000000000000
37.394633640000002 -122.051821059999995 -10.882029530000001 322.290000000000020 -6.927000000000000 0.003000000000000 7404097302936.000000000000000
37.394634809999999 -122.051822200000004 -10.882454870000000 322.288000000000011 -6.916000000000000 0.016000000000000 7404134160708.000000000000000
37.394635979999997 -122.051823339999999 -10.883004189999999 322.285000000000025 -6.898000000000000 0.031000000000000 7404169403568.000000000000000
37.394637160000002 -122.051824479999993 -10.883300780000001 322.283000000000015 -6.882000000000000 0.038000000000000 7404205766148.000000000000000
37.394638329999999 -122.051825620000002 -10.883826259999999 322.276999999999987 -6.875000000000000 0.042000000000000 7404241229796.000000000000000
37.394639499999997 -122.051826759999997 -10.884310720000000 322.271999999999991 -6.873000000000000 0.032000000000000 7404277243644.000000000000000
37.394640670000001 -122.051827900000006 -10.884879110000000 322.271999999999991 -6.866000000000000 0.031000000000000 7404313016244.000000000000000
37.394641849999999 -122.051829040000001 -10.885374069999999 322.266000000000020 -6.857000000000000 0.042000000000000 7404349392408.000000000000000
37.394643019999997 -122.051830179999996 -10.885944370000001 322.266000000000020 -6.844000000000000 0.057000000000000 7404385252272.000000000000000
37.394644190000001 -122.051831320000005 -10.886425020000001 322.261000000000024 -6.831000000000000 0.072000000000000 7404421234728.000000000000000
37.394645359999998 -122.051832460000000 -10.886952400000000 322.259999999999991 -6.828000000000000 0.086000000000000 7404457241172.000000000000000
37.394646530000003 -122.051833599999995 -10.887464520000000 322.255999999999972 -6.827000000000000 0.093000000000000 7404493313844.000000000000000
37.394647700000000 -122.051834749999998 -10.888140679999999 322.252999999999986 -6.818000000000000 0.107000000000000 7404529269924.000000000000000
37.394648879999998 -122.051835890000007 -10.888677599999999 322.250999999999976 -6.814000000000000 0.123000000000000 7404565143996.000000000000000
37.394650050000003 -122.051837030000002 -10.888840679999999 322.244000000000028 -6.810000000000000 0.131000000000000 7404601239768.000000000000000
37.394651220000000 -122.051838169999996 -10.889390949999999 322.240000000000009 -6.802000000000000 0.131000000000000 7404637314420.000000000000000
37.394652389999997 -122.051839299999997 -10.889551160000000 322.240000000000009 -6.789000000000000 0.117000000000000 7404673632912.000000000000000
37.394653570000003 -122.051840440000007 -10.889573100000000 322.240999999999985 -6.778000000000000 0.093000000000000 7404709257864.000000000000000
37.394654740000000 -122.051841580000001 -10.889463420000000 322.238000000000000 -6.771000000000000 0.047000000000000 7404745134828.000000000000000
37.394655909999997 -122.051842719999996 -10.889127730000000 322.238999999999976 -6.767000000000000 -0.013000000000000 7404781351284.000000000000000
37.394657080000002 -122.051843860000005 -10.889021870000001 322.238000000000000 -6.762000000000000 -0.050000000000000 7404817245192.000000000000000
37.394658249999999 -122.051844990000006 -10.888944629999999 322.230999999999995 -6.756000000000000 -0.048000000000000 7404853272108.000000000000000
37.394659420000004 -122.051846130000001 -10.888673780000000 322.228000000000009 -6.749000000000000 -0.011000000000000 7404889236792.000000000000000
37.394660590000001 -122.051847269999996 -10.888539310000001 322.221999999999980 -6.735000000000000 0.018000000000000 7404925076544.000000000000000
37.394661759999998 -122.051848410000005 -10.888523100000000 322.220000000000027 -6.712000000000000 0.037000000000000 7404961204992.000000000000000
37.394662930000003 -122.051849550000000 -10.888645170000000 322.220000000000027 -6.690000000000000 0.032000000000000 7404997296840.000000000000000
37.394664100000000 -122.051850700000003 -10.888887410000001 322.218999999999994 -6.703000000000000 0.033000000000000 7405033500468.000000000000000
37.394665269999997 -122.051851830000004 -10.888719560000000 322.218000000000018 -6.724000000000000 0.027000000000000 7405069549716.000000000000000
37.394666440000002 -122.051852980000007 -10.888858800000000 322.213999999999999 -6.738000000000000 0.048000000000000 7405105227636.000000000000000
37.394667609999999 -122.051854120000002 -10.888980869999999 322.208000000000027 -6.730000000000000 0.093000000000000 7405141251204.000000000000000
37.394668770000003 -122.051855259999996 -10.889313700000001 322.201999999999998 -6.713000000000000 0.140000000000000 7405177199340.000000000000000
37.394669940000000 -122.051856400000005 -10.889263150000000 322.197999999999979 -6.712000000000000 0.170000000000000 7405213256292.000000000000000
37.394671109999997 -122.051857540000000 -10.888885500000001 322.194999999999993 -6.719000000000000 0.181000000000000 7405249292352.000000000000000
37.394672270000001 -122.051858679999995 -10.888721470000000 322.190999999999974 -6.737000000000000 0.168000000000000 7405285261284.000000000000000
37.394673439999998 -122.051859820000004 -10.888059620000000 322.189999999999998 -6.757000000000000 0.131000000000000 7405321168164.000000000000000
37.394674610000003 -122.051860950000005 -10.887210850000001 322.192999999999984 -6.786000000000000 0.122000000000000 7405357327080.000000000000000
37.394675769999999 -122.051862090000000 -10.886795040000001 322.199000000000012 -6.807000000000000 0.144000000000000 7405393364112.000000000000000
37.394676939999997 -122.051863229999995 -10.885952950000000 322.201000000000022 -6.822000000000000 0.201000000000000 7405429059912.000000000000000
37.394678110000001 -122.051864370000004 -10.885125159999999 322.197999999999979 -6.817000000000000 0.240000000000000 7405465247472.000000000000000
37.394679269999997 -122.051865509999999 -10.884377479999999 322.194999999999993 -6.827000000000000 0.244000000000000 7405501344900.000000000000000
37.394680440000002 -122.051866640000000 -10.883464810000000 322.187999999999988 -6.834000000000000 0.207000000000000 7405537253328.000000000000000
37.394681599999998 -122.051867779999995 -10.882763860000001 322.189000000000021 -6.857000000000000 0.178000000000000 7405573553112.000000000000000
37.394682770000003 -122.051868920000004 -10.881651880000000 322.189000000000021 -6.885000000000000 0.169000000000000 7405609251552.000000000000000
37.394683929999999 -122.051870059999999 -10.880990030000000 322.187999999999988 -6.924000000000000 0.205000000000000 7405645085940.000000000000000
37.394685099999997 -122.051871190000000 -10.880510330000000 322.182999999999993 -6.946000000000000 0.254000000000000 7405681356324.000000000000000
37.394686270000001 -122.051872329999995 -10.879926680000001 322.177999999999997 -6.950000000000000 0.298000000000000 7405717336356.000000000000000
37.394687429999998 -122.051873470000004 -10.879694940000000 322.173000000000002 -6.944000000000000 0.314000000000000 7405752963744.000000000000000
37.394688600000002 -122.051874600000005 -10.879585270000000 322.166999999999973 -6.963000000000000 0.305000000000000 7405789212816.000000000000000
37.394689769999999 -122.051875740000000 -10.879097939999999 322.163000000000011 -7.000000000000000 0.274000000000000 7405825254948.000000000000000
37.394690930000003 -122.051876870000001 -10.878839490000001 322.160000000000025 -7.051000000000000 0.236000000000000 7405861071012.000000000000000
37.394692100000000 -122.051878009999996 -10.878434179999999 322.156000000000006 -7.092000000000000 0.226000000000000 7405897220868.000000000000000
37.394693259999997 -122.051879139999997 -10.878412250000000 322.149999999999977 -7.108000000000000 0.237000000000000 7405933598640.000000000000000
37.394694430000001 -122.051880280000006 -10.878145220000000 322.146000000000015 -7.114000000000000 0.261000000000000 7405969545024.000000000000000
37.394695589999998 -122.051881409999993 -10.878168110000001 322.137000000000000 -7.118000000000000 0.301000000000000 7406005216656.000000000000000
37.394696760000002 -122.051882550000002 -10.877799990000000 322.137000000000000 -7.127000000000000 0.342000000000000 7406041172220.000000000000000
37.394697930000000 -122.051883680000003 -10.877970700000001 322.129999999999995 -7.143000000000000 0.357000000000000 7406077219680.000000000000000
37.394699090000003 -122.051884819999998 -10.878602030000000 322.125000000000000 -7.154000000000000 0.357000000000000 7406113134240.000000000000000
37.394700260000000 -122.051885960000007 -10.878824229999999 322.120999999999981 -7.159000000000000 0.357000000000000 7406149208784.000000000000000
